-,-,-
-429, 101, 223
-429, 101, 223
-397, -51, 333
-330, -110, 508
-295, -163, 442
-226, -126, 383
-99, 138, 282
1, 287, 375
1, 287, 375
8, 411, 513
0, 634, 452
0, 634, 452
-49, 915, 384
-68, 1179, 450
-42, 1437, 411
-78, 1712, 353
-165, 1856, 354
-165, 1856, 354
-150, 1864, 427
-124, 1927, 431
-156, 1954, 486
-135, 1812, 469
-,-,-
-283, 450, 294
-283, 450, 294
-269, 290, 564
-201, 126, 619
-118, -17, 553
-73, -77, 566
-118, -115, 549
-140, -62, 557
-140, -62, 557
-88, 278, 407
2, 635, 294
-2, 1093, 308
-26, 1500, 302
-26, 1500, 302
-103, 1918, 282
-132, 1997, 347
-141, 1997, 401
-170, 1997, 525
-,-,-
-396, 421, 187
-396, 421, 187
-390, 346, 528
-321, 218, 610
-260, 44, 598
-219, -49, 612
-168, -135, 576
-91, -230, 465
-91, -230, 465
-27, -128, 302
-20, 136, 178
-26, 374, 279
26, 617, 309
26, 617, 309
72, 1116, 205
-20, 1536, 298
-70, 1845, 270
-106, 1997, 204
-148, 1997, 394
-,-,-
-399, 505, 323
-282, 339, 368
-255, 152, 331
-273, 2, 177
-273, 2, 177
-218, -10, 191
-137, 141, 356
-93, 304, 387
-155, 436, 288
-229, 509, 266
-229, 509, 266
-243, 704, 293
-202, 877, 430
-169, 918, 544
-102, 1033, 362
-144, 1363, 341
-163, 1571, 497
-213, 1575, 591
-213, 1575, 591
-,-,-
-373, 469, 169
-256, 438, 260
-227, 338, 230
-230, 224, 281
-230, 224, 281
-203, 94, 287
-125, -27, 332
-47, -62, 441
-8, 113, 458
-8, 113, 458
-70, 490, 374
-86, 684, 334
-47, 819, 366
13, 1130, 292
13, 1130, 292
-17, 1602, 329
-89, 1783, 421
-141, 1795, 266
-131, 1855, 170
-169, 1941, 345
-205, 1841, 553
-,-,-
-428, 453, 30
-382, 396, -41
-354, 294, 166
-294, 178, 227
-223, -49, 250
-181, -217, 358
-115, -248, 444
-115, -248, 444
-47, -185, 499
-15, 3, 518
-13, 295, 326
-20, 545, 306
14, 803, 409
14, 803, 409
9, 1142, 503
-52, 1422, 453
-48, 1702, 220
-48, 1702, 220
-52, 1967, 179
-165, 1997, 267
-,-,-
-282, 163, 156
-279, 139, 41
-279, 139, 41
-286, 107, 194
-246, 93, 340
-171, 11, 411
-131, -70, 388
-131, -70, 388
-122, 41, 428
-98, 300, 407
-87, 458, 422
-6, 459, 346
-6, 459, 346
6, 723, 194
0, 1138, 274
-14, 1519, 439
-78, 1768, 455
-78, 1768, 455
-168, 1967, 376
-194, 1997, 385
-202, 1997, 500
-328, 1983, 811
-,-,-
-412, 472, 366
-331, 306, 530
-241, 51, 292
-241, 51, 292
-207, -71, 178
-133, -6, 293
-77, 166, 432
-68, 305, 373
-157, 419, 219
-157, 419, 219
-161, 599, 212
-159, 950, 354
-162, 1217, 493
-168, 1268, 390
-170, 1393, 250
-224, 1794, 166
-,-,-
-338, 517, 282
-222, 354, 174
-257, 215, 250
-241, 124, 358
-187, -9, 466
-187, -9, 466
-116, -48, 462
-101, 88, 429
-130, 323, 343
-139, 496, 448
-83, 706, 484
-83, 706, 484
-35, 1080, 411
-85, 1392, 344
-183, 1624, 367
-197, 1779, 285
-202, 1899, 323
-238, 1893, 456
-238, 1893, 456
-268, 1807, 491
-,-,-
-332, 272, 209
-332, 272, 209
-288, 219, 321
-216, 73, 413
-143, -63, 406
-79, -134, 410
-77, -43, 416
-77, -43, 416
-83, 204, 299
-53, 412, 335
-16, 653, 366
-30, 960, 396
-30, 960, 396
-160, 1374, 368
-267, 1717, 379
-320, 1980, 406
-335, 1987, 511
-338, 1948, 553
-,-,-
-444, 382, 319
-392, 383, 284
-288, 208, 273
-288, 208, 273
-200, 54, 358
-115, -22, 343
-106, -45, 371
-105, 116, 396
-74, 313, 449
-74, 313, 449
-38, 443, 486
-35, 725, 397
-95, 1223, 397
-205, 1668, 462
-272, 1865, 527
-329, 1994, 530
-329, 1994, 530
-419, 1997, 569
-486, 1997, 648
-,-,-
-329, 244, 177
-364, 235, 142
-364, 235, 142
-333, 238, 356
-278, 162, 493
-203, 20, 425
-155, -83, 398
-98, -49, 375
-98, -49, 375
-43, 146, 404
-24, 337, 423
-12, 412, 377
2, 744, 234
2, 744, 234
-79, 1273, 287
-180, 1577, 466
-260, 1783, 427
-362, 1975, 285
-420, 1988, 353
-454, 1991, 509
-,-,-
-310, 190, 47
-308, 157, 183
-321, 196, 344
-237, 164, 379
-237, 164, 379
-155, 153, 340
-147, 184, 335
-239, 254, 289
-253, 336, 307
-208, 580, 334
-192, 836, 384
-192, 836, 384
-200, 941, 405
-255, 1105, 364
-333, 1446, 248
-428, 1667, 338
-464, 1672, 503
-,-,-
-328, 135, 244
-252, 50, 150
-205, -70, 228
-130, -83, 190
-76, 26, 164
-76, 26, 164
-58, 220, 227
-70, 428, 192
-63, 484, 231
-51, 777, 228
-51, 777, 228
-136, 1317, 308
-308, 1557, 467
-385, 1590, 392
-377, 1604, 371
-391, 1744, 378
-463, 1765, 485
-,-,-
-376, 351, 20
-376, 351, 20
-312, 258, -35
-299, 228, 49
-282, 235, 205
-224, 171, 328
-140, 61, 313
-140, 61, 313
-77, -38, 259
-53, -53, 248
-79, 170, 209
-77, 440, 166
-77, 440, 166
-13, 642, 168
-33, 1025, 221
-134, 1599, 245
-251, 1976, 333
-299, 1997, 438
-299, 1997, 460
-299, 1997, 460
-323, 1997, 546
-356, 1991, 703
-327, 1919, 654
-,-,-
-334, 278, 155
-293, 181, 145
-285, 137, 190
-240, 68, 251
-146, 50, 273
-146, 50, 273
-91, 161, 295
-119, 299, 290
-128, 418, 329
-98, 516, 394
-98, 516, 394
-73, 801, 282
-63, 1070, 236
-128, 1178, 271
-151, 1401, 206
-193, 1804, 146
-242, 1994, 273
-315, 1997, 369
-315, 1997, 369
-,-,-
-251, 242, 201
-279, 265, 123
-293, 323, 195
-293, 323, 195
-253, 272, 287
-190, 197, 406
-154, 217, 476
-161, 334, 425
-165, 556, 422
-144, 705, 449
-144, 705, 449
-56, 889, 332
-95, 1283, 241
-181, 1530, 220
-224, 1655, 156
-224, 1739, 69
-272, 1830, 100
-272, 1830, 100
-,-,-
-368, 343, 13
-341, 337, 114
-295, 257, 227
-274, 138, 279
-236, 106, 397
-162, 79, 432
-162, 79, 432
-100, 119, 366
-106, 229, 287
-108, 361, 241
-73, 620, 137
-61, 1011, 35
-61, 1011, 35
-165, 1287, 76
-206, 1395, 24
-170, 1542, 9
-166, 1727, 150
-235, 1823, 234
-240, 1827, 288
-240, 1827, 288
-,-,-
-246, 244, 263
-213, 168, 251
-213, 168, 251
-130, 126, 283
-72, 311, 316
-40, 470, 409
-73, 602, 365
-86, 727, 385
-86, 727, 385
-85, 1103, 399
-90, 1465, 397
-76, 1584, 360
-84, 1782, 218
-157, 1971, 121
-200, 1978, 179
-,-,-
-269, 43, -163
-269, 43, -163
-311, 110, -13
-246, 189, 165
-168, 180, 225
-117, 210, 194
-78, 453, 241
-71, 697, 434
-71, 697, 434
-76, 808, 576
-75, 995, 506
-127, 1472, 360
-204, 1881, 416
-273, 1972, 425
-273, 1972, 425
-286, 1976, 255
-349, 1997, 159
-397, 1990, 233
-384, 1867, 286
-,-,-
-332, 182, -34
-331, 116, -48
-325, 52, 150
-325, 52, 150
-282, 35, 247
-204, -21, 217
-108, -127, 177
-45, -115, 205
-14, 29, 185
-14, 29, 185
-9, 317, 183
7, 607, 207
7, 607, 207
46, 826, 246
43, 1187, 272
-67, 1684, 303
-148, 1896, 312
-148, 1896, 312
-148, 1997, 227
-186, 1997, 284
-281, 1997, 430
-340, 1997, 507
-,-,-
-349, 312, 285
-230, 245, 114
-205, 145, 145
-144, 101, 244
-111, 131, 336
-111, 131, 336
-122, 260, 341
-140, 435, 253
-115, 556, 237
-65, 697, 299
-83, 1114, 232
-183, 1410, 266
-183, 1410, 266
-178, 1540, 262
-152, 1828, 210
-180, 1997, 187
-,-,-
-319, 253, 39
-319, 253, 39
-346, 308, 63
-303, 298, 74
-243, 234, 170
-194, 159, 252
-194, 159, 252
-145, 121, 253
-121, 224, 249
-141, 540, 227
-153, 716, 289
-120, 854, 335
-103, 1255, 205
-194, 1699, 240
-194, 1699, 240
-303, 1967, 391
-313, 1990, 387
-303, 1996, 304
-324, 1997, 315
-340, 1997, 422
-,-,-
-241, -47, 25
-266, 25, 136
-252, 160, 278
-185, 123, 323
-115, 64, 366
-115, 64, 366
-109, 49, 481
-118, 192, 385
-92, 404, 284
-71, 531, 338
-17, 753, 325
-17, 753, 325
-76, 1270, 311
-190, 1770, 335
-274, 1995, 405
-286, 1997, 389
-315, 1997, 368
-379, 1997, 415
-419, 1997, 391
-,-,-
-278, 204, -18
-345, 233, 131
-345, 233, 131
-300, 257, 295
-238, 244, 318
-166, 269, 332
-98, 282, 284
-112, 284, 346
-112, 284, 346
-99, 528, 284
-107, 787, 362
-112, 953, 373
-79, 1109, 275
-81, 1407, 147
-161, 1682, 323
-161, 1682, 323
-170, 1861, 390
-168, 1996, 298
-216, 1997, 266
-,-,-
-216, 297, 46
-179, 276, 141
-179, 276, 141
-111, 201, 216
-122, 172, 216
-138, 181, 260
-97, 295, 300
-34, 505, 366
-34, 505, 366
-16, 857, 346
-97, 1154, 375
-153, 1353, 441
-180, 1757, 421
-277, 1997, 540
-390, 1997, 537
-473, 1751, 519
-473, 1751, 519
-,-,-
-285, 151, 34
-267, 117, -11
-276, 136, 32
-276, 136, 32
-233, 145, 120
-150, 134, 90
-131, 119, 107
-150, 105, 5
-150, 105, 5
-106, 170, 9
-38, 412, 71
-28, 782, 209
-67, 1057, 222
-67, 1057, 222
-112, 1355, 125
-196, 1844, 187
-258, 1997, 318
-296, 1997, 424
-,-,-
-272, 100, 170
-224, 90, 43
-223, 180, 34
-223, 180, 34
-172, 221, 213
-103, 189, 370
-52, 219, 376
-57, 416, 337
-115, 630, 284
-115, 630, 284
-135, 718, 364
-126, 1004, 308
-161, 1473, 258
-257, 1747, 234
-292, 1880, 177
-323, 1953, 213
-320, 1997, 227
-346, 1997, 303
-346, 1997, 303
-361, 1996, 278
-,-,-
-334, 248, -27
-281, 179, 147
-245, 212, 249
-175, 257, 326
-175, 257, 326
-126, 289, 324
-144, 394, 257
-131, 491, 334
-103, 774, 398
-130, 971, 510
-206, 1174, 469
-206, 1174, 469
-297, 1574, 289
-323, 1821, 286
-315, 1943, 298
-309, 1935, 341
-321, 1958, 275
-290, 1874, 239
-242, 1758, 204
-182, 1684, 177
-161, 1616, 194
-,-,-
-283, 367, 387
-39, 198, 163
-22, 117, 181
-30, 301, 634
-30, 301, 634
0, 623, 737
-8, 932, 667
-48, 1280, 634
-61, 1280, 629
-61, 1472, 629
-131, 1714, 501
-271, 1957, 386
-370, 1951, 523
-427, 1959, 827
-215, 1589, 105
-,-,-
-254, 142, 185
-180, 50, 163
-106, -36, 180
-11, -129, 190
51, -164, 382
51, -164, 382
124, -37, 380
129, 236, 252
86, 564, 274
68, 1137, 249
68, 1137, 249
34, 1718, 422
-38, 1997, 450
-238, 1997, 304
-410, 1997, 258
-489, 1997, 265
-,-,-
-364, 247, 104
-330, 216, 105
-330, 216, 105
-253, 96, 143
-207, -54, 331
-138, -94, 389
-65, -141, 396
15, -187, 365
15, -187, 365
102, -63, 183
181, 99, 197
164, 590, 77
164, 590, 77
66, 1060, 218
-16, 1441, 362
-88, 1943, 194
-237, 1997, 246
-,-,-
-343, 213, 267
-235, 99, 244
-192, 19, 267
-192, 19, 267
-133, -69, 369
-64, -69, 415
-13, -36, 526
52, 120, 418
52, 120, 418
119, 376, 311
92, 655, 390
63, 881, 471
63, 881, 471
75, 1270, 347
33, 1850, 244
-129, 1997, 376
-214, 1997, 387
-220, 1997, 287
-,-,-
-341, 208, -185
-341, 208, -185
-376, 172, 1
-322, 175, 257
-268, 139, 398
-196, 12, 425
-110, -51, 449
-110, -51, 449
-19, 33, 339
18, 275, 261
-1, 528, 261
-34, 683, 360
-34, 683, 360
-11, 955, 353
6, 1525, 185
-147, 1976, 204
-224, 1997, 290
-271, 1997, 255
-271, 1997, 255
-,-,-
-288, 10, -170
-336, 173, 71
-336, 173, 71
-280, 226, 224
-167, 146, 134
-114, -32, 301
-57, -74, 419
-57, -74, 419
-17, 84, 324
0, 276, 339
-31, 604, 429
-43, 1001, 373
-43, 1001, 373
-80, 1484, 373
-171, 1934, 354
-360, 1997, 254
-412, 1997, 174
-409, 1997, 266
-430, 1997, 401
-,-,-
-300, 76, -145
-345, 119, -90
-345, 119, -90
-319, 157, 160
-250, 116, 123
-142, 13, 134
-56, 2, 320
-19, 179, 393
-19, 179, 393
-49, 299, 350
-94, 385, 360
-51, 686, 241
-19, 1050, 287
-19, 1050, 287
-62, 1460, 472
-141, 1780, 348
-238, 1983, 201
-252, 1997, 222
-,-,-
-291, 103, 104
-271, 54, 15
-297, 121, 133
-293, 160, 276
-228, 82, 288
-142, -1, 288
-142, -1, 288
-94, 65, 348
-90, 168, 492
-127, 295, 474
-94, 455, 372
-94, 455, 372
-53, 744, 331
-84, 1033, 565
-86, 1262, 644
-126, 1718, 428
-220, 1996, 345
-220, 1996, 345
-321, 1997, 431
-,-,-
-245, 134, 68
-245, 134, 68
-273, 132, 162
-262, 164, 246
-226, 157, 275
-164, 140, 361
-98, 112, 424
-98, 112, 424
-61, 190, 410
-84, 336, 308
-99, 436, 303
-80, 545, 283
-80, 545, 283
-34, 763, 260
-139, 1089, 258
-235, 1320, 140
-275, 1576, 48
-275, 1919, 140
-326, 1997, 379
-326, 1997, 379
-,-,-
-220, -4, 202
-213, 160, 294
-144, 200, 267
-144, 200, 267
-89, 163, 286
-77, 133, 377
-101, 158, 427
-101, 220, 369
-78, 446, 289
-78, 446, 289
-60, 723, 256
-76, 882, 295
-123, 1184, 119
-148, 1546, 61
-148, 1546, 162
-171, 1903, 162
-229, 1997, 283
-,-,-
-304, 237, 285
-230, 184, 152
-192, 119, 185
-159, 224, 320
-132, 359, 363
-121, 474, 366
-121, 474, 366
-95, 682, 268
-67, 851, 251
-57, 974, 366
-88, 1163, 464
-121, 1426, 312
-174, 1663, 235
-174, 1663, 235
-225, 1814, 319
-,-,-
-206, 218, 140
-167, 220, 89
-141, 185, 121
-115, 212, 273
-83, 268, 461
-83, 268, 461
-81, 394, 413
-115, 513, 310
-100, 577, 295
-77, 843, 272
-77, 843, 272
-122, 1212, 236
-228, 1441, 249
-252, 1542, 149
-258, 1710, 152
-259, 1920, 280
-296, 1997, 403
-299, 1997, 346
-,-,-
-300, 290, 276
-258, 309, 297
-197, 280, 130
-194, 250, 179
-151, 297, 305
-128, 330, 447
-128, 330, 447
-123, 438, 402
-138, 579, 333
-139, 706, 352
-107, 846, 336
-67, 1036, 335
-92, 1389, 198
-92, 1389, 198
-179, 1591, 183
-203, 1726, 202
-222, 1922, 183
-248, 1997, 230
-258, 1997, 289
-,-,-
-179, 131, -27
-210, 170, 32
-210, 170, 32
-172, 111, 215
-144, 94, 212
-147, 252, 225
-145, 427, 336
-145, 427, 336
-99, 548, 354
-92, 911, 281
-158, 1273, 403
-224, 1468, 501
-240, 1704, 490
-301, 1965, 433
-362, 1997, 430
-362, 1997, 430
-368, 1997, 336
-,-,-
-170, 40, -90
-262, 111, 1
-245, 279, 77
-191, 248, 116
-191, 248, 116
-123, 212, 106
-78, 263, 140
-91, 389, 175
-119, 526, 246
-125, 697, 367
-125, 697, 367
-117, 867, 428
-44, 1049, 344
-104, 1348, 249
-207, 1506, 268
-200, 1624, 269
-213, 1933, 304
-318, 1997, 374
-,-,-
-361, 354, 123
-321, 308, -15
-323, 295, 100
-278, 292, 314
-197, 268, 349
-137, 287, 302
-137, 287, 302
-111, 299, 296
-118, 424, 127
-147, 598, 150
-162, 719, 246
-130, 928, 270
-203, 1408, 208
-203, 1408, 208
-320, 1734, 105
-358, 1935, 125
-339, 1997, 181
-360, 1997, 338
-,-,-
-301, 296, 209
-238, 294, 188
-233, 297, 220
-185, 307, 317
-147, 327, 449
-152, 359, 480
-152, 359, 480
-149, 421, 444
-110, 488, 374
-72, 618, 312
-123, 942, 241
-257, 1218, 283
-284, 1392, 249
-284, 1392, 249
-245, 1600, 164
-273, 1939, 158
-,-,-
-300, 404, 300
-142, 389, 192
-146, 402, 372
-149, 509, 545
-149, 509, 545
-177, 712, 525
-187, 856, 494
-177, 930, 470
-172, 1045, 442
-246, 1333, 366
-311, 1484, 343
-335, 1535, 344
-336, 1647, 310
-336, 1647, 310
-,-,-
-304, 361, 271
-220, 318, 193
-183, 267, 294
-167, 396, 400
-159, 600, 384
-179, 722, 436
-177, 745, 474
-177, 745, 474
-123, 815, 342
-136, 1160, 271
-208, 1371, 288
-251, 1425, 280
-241, 1582, 191
-270, 1854, 261
-302, 1993, 338
-322, 1997, 339
-322, 1997, 339
-311, 1989, 324
-274, 1905, 364
-228, 1817, 311
-,-,-
-305, 431, 7
-288, 415, 133
-288, 415, 133
-237, 345, 311
-179, 296, 292
-179, 274, 330
-171, 328, 348
-146, 408, 333
-113, 630, 315
-113, 630, 315
-137, 970, 214
-186, 1156, 194
-195, 1298, 257
-216, 1627, 178
-292, 1890, 136
-327, 1985, 206
-325, 1997, 309
-307, 1997, 249
-,-,-
-248, 333, -30
-265, 242, 47
-265, 242, 47
-271, 241, 309
-228, 276, 463
-144, 287, 373
-83, 287, 336
-90, 429, 338
-90, 429, 338
-104, 566, 363
-95, 696, 371
-77, 935, 369
-109, 1239, 304
-109, 1239, 304
-186, 1398, 309
-207, 1546, 328
-194, 1847, 304
-241, 1997, 413
-304, 1997, 362
-323, 1997, 251
-,-,-
-295, 290, 377
-264, 277, 350
-203, 255, 274
-124, 289, 278
-124, 289, 278
-83, 524, 311
-68, 725, 361
-52, 832, 346
-7, 883, 302
-7, 883, 302
-8, 1156, 206
-98, 1441, 199
-165, 1509, 258
-128, 1598, 120
-189, 1790, 116
-311, 1964, 288
-311, 1964, 288
-360, 1996, 394
-333, 1987, 402
-299, 1963, 431
-,-,-
-280, 262, 174
-280, 262, 174
-276, 261, 161
-260, 376, 239
-241, 411, 390
-221, 396, 358
-170, 397, 189
-161, 516, 171
-161, 516, 171
-183, 717, 198
-153, 813, 244
-104, 955, 211
-172, 1203, 219
-270, 1374, 251
-273, 1475, 322
-216, 1575, 369
-216, 1575, 369
-210, 1844, 382
-,-,-
-283, 284, 165
-245, 311, 57
-245, 311, 57
-219, 264, 140
-216, 238, 238
-201, 254, 302
-164, 228, 320
-115, 162, 320
-111, 139, 358
-111, 139, 358
-143, 237, 346
-155, 437, 298
-129, 587, 234
-51, 677, 256
-81, 1091, 193
-81, 1091, 193
-206, 1531, 166
-319, 1822, 194
-334, 1974, 236
-295, 1997, 343
-268, 1997, 422
-260, 1997, 362
-243, 1997, 458
-220, 1997, 433
-,-,-
-190, -13, 98
-190, -13, 98
-259, 72, 199
-249, 223, 323
-219, 187, 432
-146, 95, 373
-89, 131, 371
-89, 131, 371
-63, 312, 322
-86, 450, 296
-101, 526, 350
-74, 702, 231
-74, 702, 231
-60, 984, 245
-93, 1348, 253
-169, 1695, 392
-204, 1959, 441
-244, 1997, 403
-284, 1997, 395
-307, 1997, 398
-,-,-
-296, 111, 155
-296, 111, 155
-277, 45, 127
-296, 79, 135
-308, 176, 199
-265, 233, 308
-199, 230, 386
-199, 230, 386
-145, 253, 386
-137, 301, 376
-168, 423, 340
-173, 594, 267
-116, 695, 301
-49, 904, 299
-49, 904, 299
-41, 1298, 300
-147, 1687, 348
-207, 1857, 408
-210, 1988, 339
-214, 1997, 329
-246, 1997, 419
-231, 1997, 320
-214, 1997, 325
-,-,-
-255, 158, 18
-294, 180, 130
-321, 331, 288
-321, 331, 288
-263, 316, 399
-178, 240, 371
-127, 312, 292
-141, 399, 297
-159, 467, 340
-112, 612, 332
-112, 612, 332
-61, 851, 292
-71, 1144, 257
-132, 1315, 295
-130, 1415, 217
-165, 1673, 160
-241, 1910, 329
-273, 1996, 433
-253, 1997, 383
-253, 1997, 383
-242, 1997, 405
-,-,-
-244, 239, 103
-271, 162, 149
-258, 208, 202
-269, 225, 306
-233, 211, 200
-196, 180, 251
-196, 180, 251
-188, 154, 315
-173, 189, 265
-142, 288, 233
-128, 509, 224
-117, 756, 206
-125, 892, 164
-125, 892, 164
-157, 992, 150
-174, 1263, 80
-197, 1464, 181
-251, 1570, 241
-251, 1691, 218
-256, 1895, 240
-304, 1997, 401
-,-,-
-210, 224, 83
-201, 110, 46
-231, 81, 171
-245, 135, 214
-227, 180, 203
-227, 180, 203
-207, 128, 323
-225, 93, 384
-177, 159, 242
-145, 282, 280
-103, 458, 333
-61, 739, 327
-61, 739, 327
-52, 993, 254
-26, 1100, 290
-3, 1519, 225
-72, 1865, 247
-72, 1865, 247
-159, 1982, 259
-174, 1985, 236
-175, 1986, 268
-161, 1997, 257
-199, 1997, 266
-,-,-
-189, 53, 65
-206, 117, 156
-220, 246, 302
-184, 269, 266
-164, 197, 366
-164, 197, 366
-153, 203, 395
-119, 243, 403
-79, 451, 303
-47, 756, 201
-95, 935, 240
-95, 935, 240
-149, 1051, 266
-141, 1172, 240
-169, 1531, 158
-255, 1738, 324
-265, 1819, 433
-221, 1935, 368
-204, 1997, 354
-215, 1997, 358
-,-,-
-232, 175, 74
-227, 178, 103
-230, 179, 305
-165, 224, 231
-165, 224, 231
-111, 332, 192
-134, 469, 322
-136, 595, 321
-105, 687, 341
-53, 884, 403
-32, 1267, 349
-32, 1267, 349
-70, 1505, 432
-106, 1577, 341
-144, 1619, 265
-180, 1811, 252
-199, 1951, 279
-222, 1965, 360
-205, 1947, 312
-197, 1937, 249
-197, 1937, 249
-,-,-
-221, 132, 43
-263, 308, 186
-263, 308, 186
-210, 302, 194
-163, 184, 273
-85, 241, 241
-51, 461, 304
-55, 616, 408
-55, 616, 408
-52, 704, 401
-25, 891, 308
-20, 1245, 255
-71, 1495, 312
-168, 1638, 345
-168, 1638, 345
-186, 1763, 238
-168, 1958, 194
-208, 1997, 353
-,-,-
-208, 281, 125
-243, 252, 195
-227, 186, 240
-217, 200, 157
-206, 245, 151
-180, 187, 253
-180, 187, 253
-132, 141, 225
-99, 187, 179
-104, 304, 196
-126, 534, 182
-101, 700, 212
-34, 786, 251
-34, 786, 251
-9, 1052, 223
-27, 1456, 151
-66, 1795, 260
-112, 1996, 317
-146, 1997, 280
-,-,-
-290, 272, 211
-235, 241, 256
-236, 218, 177
-242, 186, 181
-217, 161, 180
-217, 161, 180
-172, 99, 224
-133, 104, 249
-90, 236, 235
-81, 418, 223
-65, 548, 231
-65, 548, 231
-13, 787, 203
41, 1193, 152
-48, 1537, 298
-99, 1863, 273
-127, 1997, 232
-127, 1997, 232
-168, 1997, 280
-,-,-
-286, 438, 150
-253, 361, 230
-235, 330, 173
-187, 429, 170
-187, 429, 170
-169, 540, 278
-146, 556, 341
-119, 605, 268
-111, 797, 214
-135, 1109, 315
-155, 1293, 408
-157, 1353, 362
-157, 1353, 362
-183, 1510, 222
-260, 1730, 172
-294, 1794, 300
-,-,-
-279, 140, 221
-252, 151, 218
-265, 181, 174
-211, 108, 216
-211, 108, 216
-153, 86, 211
-113, 142, 158
-88, 265, 117
-58, 394, 160
-5, 546, 213
-5, 546, 213
12, 922, 185
-45, 1329, 324
-111, 1540, 475
-136, 1763, 504
-136, 1763, 504
-183, 1994, 422
-289, 1997, 453
-354, 1997, 451
-,-,-
-218, 111, 168
-304, 196, 198
-304, 196, 198
-279, 292, 347
-240, 265, 429
-210, 312, 353
-147, 519, 202
-115, 742, 183
-95, 870, 138
-95, 870, 138
-80, 938, 123
-96, 1178, 82
-148, 1430, 5
-225, 1510, 105
-225, 1510, 105
-226, 1537, 126
-240, 1790, 130
-280, 1994, 247
-,-,-
-369, 243, 275
-338, 352, 308
-288, 337, 189
-261, 254, 212
-255, 249, 381
-255, 249, 381
-203, 306, 355
-139, 357, 238
-125, 478, 163
-123, 679, 45
-134, 815, 57
-134, 815, 57
-106, 919, 96
-80, 1157, -6
-132, 1447, -22
-231, 1683, 108
-243, 1820, 219
-253, 1970, 332
-288, 1997, 461
-,-,-
-311, 309, 382
-253, 252, 284
-235, 212, 228
-235, 212, 228
-194, 280, 188
-157, 348, 239
-125, 395, 214
-98, 427, 183
-108, 717, 44
-108, 717, 19
-160, 996, 19
-202, 1179, 83
-212, 1281, 84
-199, 1297, 66
-232, 1440, 60
-322, 1640, 158
-322, 1640, 158
-345, 1765, 292
-,-,-
-267, 322, 204
-183, 261, 88
-246, 257, 190
-231, 211, 253
-231, 211, 253
-188, 173, 265
-152, 164, 300
-146, 240, 251
-128, 408, 188
-97, 566, 162
-51, 750, 119
-51, 750, 119
-26, 1074, 1
-70, 1379, -71
-143, 1537, 17
-175, 1723, 88
-175, 1723, 88
-203, 1964, 91
-,-,-
-167, 262, -20
-260, 260, -75
-254, 290, 243
-254, 290, 243
-202, 282, 350
-144, 312, 294
-83, 413, 173
-81, 532, 151
-129, 628, 130
-129, 628, 130
-169, 772, 99
-180, 1090, 14
-181, 1258, 35
-185, 1386, 68
-230, 1561, 62
-230, 1561, 62
-277, 1753, -1
-318, 1962, -13
-,-,-
-244, 116, 127
-280, 165, 161
-281, 166, 334
-275, 236, 315
-222, 240, 240
-222, 240, 240
-179, 226, 257
-136, 285, 229
-128, 419, 225
-131, 618, 138
-132, 763, 101
-116, 808, 130
-116, 808, 130
-90, 953, 101
-130, 1319, -28
-218, 1531, -12
-260, 1629, 63
-284, 1813, 143
-,-,-
-220, 180, 164
-240, 177, 232
-251, 229, 256
-251, 229, 256
-216, 226, 203
-179, 171, 253
-142, 165, 267
-98, 254, 267
-75, 426, 286
-75, 426, 286
-62, 640, 271
-65, 872, 173
-102, 1020, 60
-92, 1282, -17
-142, 1735, 115
-142, 1735, 115
-213, 1990, 257
-245, 1997, 192
-,-,-
-206, 193, 176
-206, 193, 176
-222, 212, 167
-234, 195, 220
-240, 150, 249
-203, 106, 186
-149, 113, 118
-126, 165, 117
-126, 165, 117
-118, 304, 77
-159, 557, 136
-148, 747, 83
-127, 877, 49
-121, 1180, -4
-121, 1180, -4
-160, 1472, 81
-226, 1683, 196
-238, 1813, 189
-259, 1982, 211
-310, 1997, 294
-,-,-
-215, 149, 180
-162, 134, 52
-209, 158, 98
-209, 158, 98
-228, 209, 189
-196, 204, 241
-157, 166, 271
-120, 225, 280
-109, 368, 225
-109, 368, 225
-120, 459, 233
-104, 574, 212
-76, 873, 114
-99, 1205, 215
-138, 1428, 294
-170, 1686, 193
-250, 1986, 184
-250, 1986, 184
-310, 1997, 264
-329, 1997, 258
-,-,-
-285, 323, 97
-238, 407, 183
-248, 428, 162
-197, 348, 174
-197, 348, 174
-155, 261, 167
-135, 267, 186
-134, 340, 184
-123, 480, 100
-111, 659, 112
-104, 720, 222
-104, 720, 222
-77, 902, 217
-108, 1316, 133
-203, 1608, 171
-256, 1785, 225
-277, 1920, 276
-291, 1996, 297
-317, 1997, 283
-,-,-
-190, 198, 19
-190, 198, 19
-226, 176, 184
-225, 211, 179
-208, 222, 94
-200, 183, 120
-200, 183, 120
-171, 186, 106
-139, 225, 91
-163, 323, 125
-150, 392, 79
-126, 608, 10
-126, 608, 10
-130, 907, 68
-140, 1119, 141
-124, 1222, 138
-144, 1406, 95
-231, 1623, 176
-272, 1735, 259
-274, 1839, 355
-274, 1839, 355
-,-,-
-301, 471, 52
-301, 371, 52
-303, 299, 104
-274, 251, 90
-277, 242, 90
-242, 181, 140
-242, 181, 140
-181, 109, 74
-121, 83, 44
-75, 201, 52
-69, 448, 121
-69, 448, 121
-78, 629, 230
-27, 744, 211
4, 1107, 89
4, 1107, 89
-17, 1469, 240
-112, 1633, 428
-159, 1680, 398
-164, 1878, 346
-192, 1993, 435
-197, 1997, 428
-,-,-
-148, 195, 40
-164, 184, 6
-164, 184, 6
-179, 179, 132
-177, 198, 234
-152, 152, 298
-126, 261, 265
-120, 469, 247
-120, 469, 247
-134, 631, 236
-152, 766, 211
-149, 1073, 96
-192, 1420, 90
-277, 1545, 125
-362, 1653, 137
-362, 1653, 137
-395, 1933, 116
-,-,-
-277, 106, 246
-238, 107, 223
-228, 174, 171
-223, 219, 257
-183, 200, 375
-107, 323, 282
-107, 323, 282
-74, 502, 214
-74, 596, 189
-84, 647, 175
-67, 808, 62
-67, 808, 62
-98, 1132, 70
-137, 1292, 168
-140, 1366, 104
-183, 1615, 72
-234, 1931, 115
-289, 1997, 234
-289, 1997, 234
-,-,-
-334, 226, 164
-297, 288, 235
-265, 362, 112
-256, 385, 58
-256, 385, 58
-233, 311, 142
-184, 293, 185
-125, 310, 202
-117, 408, 234
-113, 633, 190
-114, 848, 176
-114, 848, 176
-105, 992, 178
-122, 1118, 142
-146, 1264, 128
-137, 1409, 153
-165, 1601, 280
-202, 1731, 302
-235, 1905, 225
-,-,-
-191, 80, -43
-191, 80, -43
-220, 143, 62
-180, 149, 180
-128, 167, 228
-97, 247, 292
-90, 411, 358
-90, 411, 358
-94, 625, 455
-77, 950, 360
-116, 1155, 374
-126, 1317, 392
-134, 1760, 264
-221, 1996, 334
-221, 1996, 334
-310, 1997, 356
-332, 1997, 274
-317, 1997, 170
-,-,-
-220, 29, 66
-298, 148, 99
-298, 148, 99
-319, 213, 151
-273, 199, 113
-222, 218, 120
-166, 246, 164
-133, 300, 142
-133, 300, 142
-148, 521, 59
-144, 730, 55
-136, 875, 191
-105, 1005, 199
-141, 1344, 86
-141, 1344, 86
-244, 1673, 100
-326, 1884, 201
-,-,-
-300, 284, 269
-238, 335, 297
-168, 284, 175
-160, 317, 244
-160, 317, 244
-145, 396, 304
-135, 393, 381
-88, 634, 284
-64, 973, 261
-97, 1182, 317
-97, 1182, 317
-163, 1316, 289
-198, 1614, 147
-254, 1977, 48
-383, 1997, 133
-479, 1997, 53
-,-,-
-231, 92, 35
-325, 241, 83
-335, 352, 219
-276, 336, 184
-204, 297, 173
-204, 297, 173
-173, 389, 194
-162, 476, 253
-156, 607, 226
-167, 856, 159
-189, 1101, 153
-209, 1239, 171
-209, 1239, 171
-176, 1378, 100
-236, 1588, 152
-324, 1724, 158
-,-,-
-176, 136, 26
-198, 143, 11
-266, 216, 207
-266, 216, 207
-279, 285, 325
-255, 252, 286
-181, 278, 151
-184, 417, 45
-221, 592, 36
-225, 705, 89
-225, 705, 89
-201, 763, 127
-145, 897, 66
-161, 1176, -39
-262, 1353, 98
-310, 1469, 174
-310, 1469, 174
-292, 1617, 103
-,-,-
-271, 275, 138
-200, 241, 71
-229, 285, 212
-180, 346, 251
-180, 346, 251
-158, 334, 354
-145, 514, 335
-130, 691, 266
-119, 796, 188
-98, 933, 127
-109, 1235, 109
-109, 1235, 109
-183, 1466, 214
-274, 1592, 229
-331, 1754, 207
-,-,-
-336, 260, 192
-288, 349, 125
-249, 306, 70
-241, 256, 123
-212, 295, 216
-212, 295, 216
-144, 351, 172
-116, 407, 105
-117, 543, 84
-114, 773, 58
-140, 993, 160
-140, 993, 160
-113, 1107, 94
-114, 1176, 107
-143, 1343, 154
-217, 1568, 268
-284, 1658, 323
-301, 1830, 283
-324, 1995, 268
-333, 1997, 244
-,-,-
-328, 352, 70
-274, 386, 141
-293, 377, 195
-253, 310, 216
-253, 310, 216
-210, 252, 205
-189, 343, 225
-178, 482, 243
-183, 560, 200
-183, 636, 152
-183, 636, 152
-164, 781, 90
-156, 944, 100
-186, 1059, 197
-223, 1210, 153
-256, 1463, 83
-301, 1706, 162
-,-,-
-129, 49, 135
-129, 49, 135
-191, 16, 108
-223, 151, 256
-223, 239, 325
-178, 248, 284
-147, 231, 266
-147, 231, 266
-129, 256, 229
-87, 375, 169
-41, 676, 26
-65, 961, 57
-65, 961, 57
-117, 1144, 27
-156, 1180, -101
-189, 1285, -72
-228, 1549, 58
-271, 1788, 183
-300, 1960, 210
-323, 1997, 227
-323, 1997, 227
-,-,-
-260, 151, 111
-289, 179, 84
-289, 179, 84
-268, 254, 66
-261, 334, 27
-219, 302, 11
-183, 238, 20
-183, 238, 20
-140, 220, 2
-110, 272, -49
-84, 355, 39
-75, 626, 137
-75, 626, 137
-98, 944, 150
-134, 1082, 148
-161, 1190, 167
-184, 1446, 176
-249, 1781, 269
-292, 1954, 324
-284, 1997, 272
-332, 1997, 327
-332, 1997, 327
-345, 1997, 298
-,-,-
-253, 157, 38
-211, 201, 141
-225, 259, 249
-187, 295, 283
-187, 295, 283
-162, 462, 283
-147, 710, 298
-139, 845, 330
-121, 970, 236
-128, 1236, 88
-172, 1465, 148
-172, 1465, 148
-231, 1602, 285
-249, 1713, 223
-305, 1952, 187
-348, 1997, 186
-,-,-
-264, 254, 139
-264, 254, 139
-313, 334, 111
-304, 344, 137
-286, 306, 242
-238, 306, 240
-191, 311, 203
-155, 387, 140
-155, 387, 140
-156, 502, 187
-160, 658, 256
-143, 853, 201
-145, 1095, 125
-171, 1417, 132
-240, 1716, 102
-276, 1907, 33
-276, 1907, 33
-,-,-
-262, 238, 180
-233, 270, 95
-251, 292, 68
-251, 292, 68
-247, 343, 120
-211, 341, 191
-175, 331, 314
-170, 369, 443
-158, 517, 360
-158, 517, 360
-171, 739, 295
-190, 894, 330
-169, 938, 347
-142, 1165, 202
-155, 1500, 125
-212, 1729, 186
-242, 1883, 185
-242, 1883, 185
-289, 1996, 126
-338, 1997, 123
-,-,-
-288, 240, 215
-280, 282, 353
-274, 341, 270
-242, 271, 154
-242, 271, 154
-194, 275, 47
-130, 493, 8
-130, 702, 77
-151, 783, 43
-181, 774, 64
-181, 774, 64
-167, 818, 67
-156, 1072, 47
-182, 1244, 207
-195, 1299, 239
-234, 1294, 223
-234, 1294, 223
-252, 1459, 201
-251, 1697, 259
-283, 1783, 328
-,-,-
-171, 183, 43
-171, 151, 26
-256, 165, 73
-256, 165, 73
-263, 169, 95
-208, 145, 150
-140, 176, 257
-79, 310, 341
-79, 310, 341
-68, 641, 199
-128, 828, 160
-114, 914, 247
-68, 1203, 187
-171, 1540, 209
-252, 1723, 218
-252, 1723, 218
-254, 1808, 240
-251, 1940, 224
-315, 1997, 209
-355, 1997, 195
-,-,-
-265, 280, 8
-264, 197, -3
-282, 211, 85
-282, 280, 100
-278, 280, 102
-245, 248, 135
-245, 248, 135
-184, 174, 141
-128, 213, 131
-108, 339, 146
-114, 481, 141
-97, 610, 171
-97, 610, 171
-88, 866, 202
-84, 1083, 209
-131, 1313, 211
-198, 1628, 231
-276, 1865, 287
-307, 1967, 322
-308, 1997, 276
-,-,-
-260, 169, 101
-233, 204, 119
-232, 208, 220
-194, 184, 199
-140, 198, 180
-75, 234, 168
-64, 393, 117
-64, 393, 117
-75, 648, 114
-95, 885, 177
-81, 1038, 187
-81, 1289, 180
-81, 1289, 180
-165, 1639, 180
-274, 1844, 262
-309, 1990, 338
-319, 1997, 312
-333, 1997, 309
-327, 1997, 234
-,-,-
-175, 26, 50
-173, 159, 130
-154, 302, 90
-154, 302, 90
-144, 329, 172
-112, 360, 184
-104, 357, 263
-110, 387, 343
-93, 611, 269
-93, 611, 269
-78, 910, 191
-93, 1025, 272
-122, 1133, 183
-173, 1355, 111
-207, 1623, 157
-241, 1740, 290
-241, 1740, 290
-257, 1906, 231
-291, 1997, 133
-303, 1997, 153
-284, 1997, 91
-,-,-
-258, 404, 41
-258, 404, 41
-299, 311, 136
-244, 222, 141
-190, 231, 225
-143, 371, 272
-126, 581, 214
-126, 581, 214
-135, 677, 261
-116, 771, 305
-90, 977, 321
-130, 1362, 391
-211, 1632, 384
-252, 1738, 371
-272, 1897, 310
-272, 1897, 310
-,-,-
-295, 192, 95
-261, 180, 12
-232, 124, -5
-239, 100, 18
-239, 100, 18
-240, 115, 132
-183, 97, 148
-119, 142, 148
-85, 279, 195
-67, 479, 119
-67, 479, 119
-67, 670, 55
-51, 1005, 79
-63, 1329, 201
-71, 1491, 193
-71, 1491, 193
-119, 1674, 140
-209, 1959, 85
-286, 1997, 131
-,-,-
-252, 152, 3
-294, 171, -2
-313, 214, 81
-316, 258, 120
-268, 278, 100
-268, 278, 100
-232, 238, 165
-181, 213, 183
-121, 256, 101
-92, 422, 92
-86, 608, 224
-86, 608, 224
-72, 736, 252
-85, 990, 163
-137, 1358, 120
-184, 1551, 279
-191, 1700, 301
-224, 1926, 223
-224, 1926, 223
-325, 1997, 212
-397, 1997, 237
-,-,-
-283, 247, 211
-231, 305, 154
-202, 266, 109
-167, 317, 198
-167, 317, 198
-154, 516, 278
-144, 672, 212
-162, 700, 223
-166, 884, 154
-182, 1162, 146
-239, 1353, 135
-262, 1388, 128
-262, 1388, 128
-277, 1595, 114
-329, 1820, 160
-360, 1953, 109
-366, 1997, 53
-359, 1997, 0
-356, 1997, -51
-,-,-
-268, 346, 136
-268, 346, 136
-241, 345, 216
-181, 300, 279
-140, 346, 294
-105, 485, 262
-108, 618, 181
-108, 618, 181
-75, 682, 137
-48, 937, 100
-63, 1292, 179
-124, 1600, 215
-186, 1721, 184
-251, 1894, 155
-278, 1997, 168
-278, 1997, 168
-311, 1997, 223
-,-,-
-242, 283, 76
-242, 283, 76
-229, 228, 86
-188, 163, 89
-195, 210, 104
-176, 224, 160
-176, 224, 160
-139, 131, 192
-105, 142, 161
-88, 262, 179
-81, 527, 125
-88, 723, 176
-88, 723, 176
-142, 937, 219
-177, 1075, 179
-192, 1405, 43
-221, 1734, 96
-274, 1954, 193
-324, 1997, 140
-353, 1997, 89
-353, 1997, 89
-341, 1997, 28
-,-,-
-247, 332, 31
-281, 318, 0
-281, 318, 0
-262, 374, 152
-196, 328, 189
-159, 280, 228
-110, 334, 249
-95, 393, 307
-95, 393, 307
-115, 516, 236
-123, 760, 157
-134, 1033, 202
-156, 1294, 265
-165, 1486, 123
-251, 1691, 42
-251, 1691, 42
-293, 1883, 60
-312, 1997, 109
-334, 1997, 127
-333, 1997, 66
-311, 1997, 39
-,-,-
-324, 270, 307
-185, 153, 123
-233, 163, 158
-206, 188, 300
-206, 188, 300
-145, 185, 424
-72, 239, 354
-31, 392, 255
-49, 529, 249
-20, 663, 211
-20, 663, 211
-1, 961, 105
-39, 1386, 33
-191, 1649, 100
-249, 1774, -17
-287, 1940, -37
-287, 1940, -37
-334, 1997, 103
-355, 1997, 140
-391, 1997, 68
-,-,-
-313, 230, 133
-236, 244, 181
-231, 235, 168
-174, 187, 129
-174, 187, 129
-146, 283, 107
-146, 437, 68
-151, 546, 132
-107, 666, 98
-76, 967, 1
-76, 967, 1
-157, 1307, 168
-227, 1482, 227
-246, 1600, 238
-275, 1843, 206
-305, 1997, 248
-354, 1997, 290
-,-,-
-241, 147, 132
-243, 204, 145
-234, 184, 229
-206, 145, 288
-168, 118, 278
-112, 216, 198
-112, 216, 198
-70, 481, 132
-60, 706, 147
-56, 824, 154
-45, 984, 96
-45, 984, 96
-80, 1409, 54
-190, 1765, 149
-249, 1938, 170
-281, 1996, 225
-302, 1997, 246
-337, 1997, 280
-346, 1997, 226
-346, 1997, 226
-315, 1997, 192
-,-,-
-307, 332, 107
-248, 292, 153
-228, 195, 178
-228, 195, 178
-177, 128, 222
-125, 192, 290
-85, 397, 244
-42, 537, 231
0, 669, 310
0, 669, 310
29, 1107, 242
-3, 1535, 252
-56, 1673, 309
-90, 1823, 252
-90, 1823, 252
-125, 1983, 205
-195, 1997, 231
-252, 1997, 192
-276, 1997, 157
-265, 1997, 112
-262, 1997, 205
-,-,-
-196, 279, 255
-125, 269, 192
-97, 413, 196
-97, 413, 196
-63, 583, 237
-56, 860, 296
-63, 1154, 228
-102, 1320, 208
-155, 1413, 231
-155, 1413, 231
-187, 1534, 242
-203, 1732, 207
-244, 1904, 244
-275, 1954, 243
-312, 1985, 229
-332, 1995, 172
-,-,-
-283, 289, -78
-284, 212, -105
-271, 206, -34
-202, 221, 36
-133, 208, 117
-85, 244, 189
-85, 244, 189
-61, 416, 170
-57, 612, 227
-40, 758, 277
-34, 995, 254
-34, 995, 254
-42, 1306, 133
-95, 1552, 190
-132, 1720, 230
-158, 1779, 171
-198, 1956, 90
-281, 1997, 158
-281, 1997, 158
-311, 1997, 142
-316, 1997, 111
-,-,-
-286, 357, 223
-236, 374, 303
-164, 331, 243
-119, 427, 151
-139, 570, 285
-148, 662, 324
-148, 662, 324
-133, 746, 253
-112, 1011, 185
-111, 1331, 183
-111, 1504, 196
-102, 1590, 132
-140, 1779, 84
-232, 1969, 194
-311, 1997, 250
-311, 1997, 250
-,-,-
-275, 256, 211
-237, 173, 114
-211, 173, 175
-211, 191, 175
-183, 284, 212
-162, 466, 182
-150, 720, 128
-130, 896, 152
-130, 1007, 270
-115, 1235, 156
-115, 1235, 156
-181, 1477, 86
-266, 1609, 155
-292, 1763, 174
-351, 1973, 222
-391, 1997, 133
-,-,-
-298, 247, 243
-267, 225, 83
-269, 193, 102
-258, 167, 227
-198, 175, 261
-139, 296, 203
-139, 296, 203
-122, 421, 163
-138, 524, 149
-123, 579, 143
-88, 784, 78
-97, 1139, 66
-97, 1139, 66
-189, 1358, 170
-238, 1510, 149
-281, 1719, 179
-319, 1975, 205
-330, 1997, 199
-,-,-
-219, 232, 32
-328, 357, 205
-342, 455, 228
-325, 437, 135
-296, 383, 237
-239, 408, 252
-205, 457, 299
-205, 457, 299
-171, 504, 221
-179, 517, 152
-181, 789, 52
-180, 1009, 102
-220, 1128, 216
-189, 1177, 106
-189, 1177, 106
-182, 1349, 20
-217, 1572, 9
-265, 1670, 114
-288, 1766, 169
-295, 1938, 102
-323, 1991, 104
-348, 1997, 115
-349, 1977, 112
-349, 1977, 112
-,-,-
-275, 306, 77
-214, 231, 105
-212, 242, 255
-180, 372, 318
-180, 372, 318
-149, 530, 312
-115, 512, 329
-80, 558, 328
-55, 883, 234
-85, 1136, 323
-85, 1136, 323
-98, 1243, 405
-84, 1371, 350
-145, 1716, 322
-237, 1989, 389
-271, 1997, 354
-270, 1997, 282
-284, 1997, 302
-,-,-
-383, 595, 183
-314, 445, 170
-268, 326, 123
-282, 305, 204
-240, 276, 374
-186, 245, 424
-165, 209, 283
-165, 209, 283
-163, 287, 226
-147, 460, 249
-106, 657, 255
-58, 860, 249
-24, 1100, 90
-24, 1100, 90
-101, 1418, 21
-160, 1611, 140
-189, 1873, 204
-197, 1997, 105
-278, 1997, 93
-309, 1997, 72
-,-,-
-304, 248, 151
-264, 250, 159
-215, 205, 77
-215, 205, 77
-215, 181, 105
-222, 209, 163
-234, 265, 213
-198, 250, 236
-177, 241, 293
-177, 241, 293
-152, 248, 275
-161, 381, 230
-144, 637, 118
-143, 835, 134
-138, 932, 153
-143, 1016, 57
-143, 1016, 57
-204, 1334, -71
-290, 1596, 48
-347, 1869, 177
-369, 1997, 84
-400, 1997, 38
-,-,-
-107, 144, -50
-242, 319, 133
-242, 319, 133
-259, 429, 399
-213, 367, 333
-141, 267, 203
-124, 200, 287
-126, 317, 250
-129, 525, 186
-129, 525, 186
-126, 694, 253
-115, 823, 327
-32, 939, 185
-80, 1322, 4
-178, 1684, 122
-178, 1684, 122
-207, 1856, 246
-219, 1986, 237
-247, 1997, 183
-277, 1997, 108
-,-,-
-197, 258, 101
-274, 213, 106
-270, 259, 201
-249, 303, 207
-219, 293, 185
-219, 293, 185
-211, 287, 187
-179, 239, 263
-141, 260, 319
-112, 340, 306
-84, 368, 203
-50, 449, 153
-50, 449, 153
-13, 676, 90
-40, 886, 168
-88, 1004, 162
-125, 1306, 85
-125, 1306, 85
-191, 1670, 219
-265, 1959, 315
-332, 1997, 323
-,-,-
-211, 262, 120
-153, 224, 56
-198, 296, 165
-198, 296, 165
-195, 347, 296
-151, 292, 293
-109, 218, 302
-90, 286, 279
-85, 414, 300
-87, 504, 395
-87, 504, 395
-51, 716, 262
-42, 1070, 126
-107, 1299, 108
-174, 1387, 185
-176, 1496, 142
-175, 1716, 132
-175, 1716, 132
-194, 1889, 198
-222, 1985, 287
-244, 1997, 244
-279, 1997, 178
-301, 1997, 167
-,-,-
-266, 372, 206
-188, 236, 216
-191, 222, 306
-142, 250, 377
-93, 362, 443
-93, 362, 443
-34, 602, 354
-40, 753, 383
-18, 885, 342
-8, 1256, 223
-8, 1256, 223
-45, 1664, 205
-135, 1864, 329
-179, 1964, 222
-187, 1986, 166
-255, 1997, 180
-296, 1997, 209
-315, 1997, 224
-315, 1997, 224
-291, 1993, 121
-,-,-
-271, 241, 31
-257, 245, 30
-282, 265, 81
-291, 304, 36
-272, 285, 125
-272, 285, 125
-228, 241, 246
-158, 229, 228
-115, 317, 233
-109, 515, 297
-142, 852, 309
-175, 1077, 362
-164, 1148, 325
-164, 1148, 325
-176, 1382, 283
-237, 1729, 227
-314, 1960, 231
-370, 1997, 181
-,-,-
-204, 67, 158
-217, 131, 65
-298, 285, 165
-289, 343, 183
-230, 304, 154
-168, 233, 205
-168, 233, 205
-114, 219, 234
-70, 263, 250
-79, 426, 246
-84, 630, 148
-84, 766, 162
-84, 766, 162
-89, 965, 124
-179, 1375, 80
-306, 1714, 183
-361, 1923, 241
-377, 1997, 178
-416, 1997, 191
-416, 1997, 191
-,-,-
-232, 316, -67
-317, 341, 58
-336, 498, 297
-310, 517, 251
-276, 434, 196
-250, 337, 286
-250, 337, 286
-206, 285, 230
-154, 254, 160
-146, 207, 175
-188, 291, 142
-197, 414, 135
-154, 492, 203
-154, 492, 203
-124, 931, 60
-164, 1359, 119
-236, 1546, 160
-238, 1678, 156
-234, 1902, 181
-271, 1997, 275
-345, 1997, 333
-369, 1997, 274
-355, 1997, 183
-,-,-
-161, 126, 121
-222, 341, 166
-210, 430, 276
-210, 430, 276
-174, 463, 196
-140, 524, 183
-166, 553, 332
-198, 600, 386
-182, 614, 349
-158, 835, 167
-158, 835, 167
-145, 990, 175
-147, 1034, 255
-144, 1279, 139
-206, 1580, 86
-256, 1720, 176
-283, 1839, 253
-273, 1944, 195
-292, 1996, 217
-292, 1996, 217
-,-,-
-289, 304, 133
-282, 222, 161
-256, 187, 69
-272, 202, 85
-256, 214, 118
-256, 214, 118
-220, 168, 166
-180, 164, 207
-125, 254, 198
-84, 426, 220
-52, 515, 243
-52, 515, 243
-38, 589, 166
-40, 845, 19
-86, 1103, 65
-141, 1247, 152
-141, 1247, 152
-138, 1349, 102
-197, 1658, 61
-287, 1954, 173
-296, 1997, 172
-295, 1997, 161
-329, 1997, 213
-,-,-
-323, 309, 234
-254, 297, 49
-278, 338, 98
-276, 320, 254
-276, 320, 254
-219, 248, 328
-160, 214, 261
-128, 259, 245
-131, 431, 206
-136, 480, 231
-90, 556, 233
-90, 556, 233
-57, 877, 154
-113, 1279, 89
-204, 1433, 250
-183, 1537, 273
-188, 1849, 267
-254, 1997, 316
-254, 1997, 316
-,-,-
-288, 472, 146
-234, 471, 51
-219, 412, -27
-237, 367, -1
-216, 296, 76
-216, 296, 76
-185, 318, 137
-151, 323, 110
-137, 285, 199
-137, 475, 157
-210, 804, 167
-221, 970, 184
-221, 970, 184
-207, 1009, 290
-210, 1261, 240
-250, 1641, 264
-333, 1803, 297
-355, 1857, 212
-382, 1988, 210
-394, 1997, 267
-405, 1997, 288
-,-,-
-258, 254, 98
-293, 206, 61
-314, 204, 114
-286, 254, 211
-210, 266, 233
-146, 266, 152
-146, 303, 152
-147, 344, 164
-174, 382, 190
-151, 467, 182
-128, 669, 105
-135, 932, 206
-135, 932, 206
-168, 1103, 268
-178, 1182, 191
-195, 1416, 191
-248, 1772, 300
-283, 1898, 346
-294, 1992, 248
-329, 1997, 194
-364, 1997, 170
-,-,-
-292, 197, 65
-345, 269, 122
-346, 389, 268
-299, 371, 227
-226, 306, 126
-226, 306, 126
-171, 262, 114
-153, 285, 168
-128, 317, 208
-115, 492, 106
-145, 725, 161
-159, 831, 212
-159, 831, 212
-142, 911, 153
-143, 1177, 100
-220, 1579, 159
-298, 1758, 242
-311, 1825, 252
-341, 1963, 271
-381, 1997, 285
-396, 1997, 238
-388, 1997, 140
-,-,-
-302, 384, 96
-312, 333, 83
-312, 333, 83
-313, 293, 225
-256, 226, 285
-189, 141, 273
-139, 142, 267
-107, 170, 304
-89, 279, 316
-89, 279, 316
-46, 473, 317
-31, 891, 223
-72, 1278, 262
-135, 1464, 338
-147, 1640, 317
-147, 1640, 317
-157, 1952, 274
-241, 1997, 285
-297, 1997, 209
-299, 1997, 120
-,-,-
-208, 268, 70
-266, 309, 147
-266, 309, 147
-241, 380, 173
-218, 343, 220
-204, 338, 242
-189, 366, 252
-159, 413, 160
-153, 434, 202
-153, 434, 202
-149, 599, 150
-154, 849, 143
-158, 945, 199
-172, 1073, 169
-193, 1422, 59
-256, 1777, 189
-306, 1953, 277
-306, 1953, 277
-327, 1997, 219
-,-,-
-272, 259, 212
-210, 248, 130
-226, 220, 92
-241, 214, 152
-221, 188, 262
-174, 131, 265
-174, 131, 265
-130, 134, 225
-109, 161, 261
-66, 344, 226
-66, 574, 303
-32, 763, 342
-32, 763, 342
-9, 1115, 215
-54, 1616, 97
-184, 1901, 210
-231, 1992, 246
-270, 1997, 212
-284, 1997, 218
-,-,-
-191, 260, 112
-213, 289, 46
-253, 385, 212
-253, 385, 212
-242, 343, 328
-173, 301, 271
-148, 316, 247
-186, 350, 223
-206, 428, 158
-188, 567, 118
-188, 567, 118
-139, 691, 103
-103, 857, 62
-133, 1228, -54
-234, 1612, 13
-286, 1774, 87
-286, 1774, 87
-305, 1848, 166
-,-,-
-298, 332, 198
-221, 296, 134
-225, 271, 191
-187, 300, 219
-149, 306, 280
-149, 306, 280
-131, 538, 173
-163, 771, 172
-186, 871, 157
-173, 923, 147
-173, 1065, 162
-186, 1347, 126
-207, 1499, 148
-207, 1499, 148
-226, 1555, 143
-244, 1642, 193
-261, 1768, 196
-300, 1901, 202
-312, 1971, 241
-309, 1978, 216
-,-,-
-272, 277, 169
-248, 358, 231
-244, 368, 239
-244, 368, 239
-193, 284, 254
-154, 259, 256
-112, 293, 241
-109, 362, 292
-72, 510, 242
-38, 774, 211
-38, 774, 211
-35, 1003, 232
-35, 1180, 216
-58, 1367, 187
-108, 1585, 225
-144, 1820, 223
-185, 1990, 244
-185, 1990, 244
-212, 1997, 268
-,-,-
-242, 302, 109
-192, 224, -28
-225, 214, 94
-225, 214, 94
-216, 224, 176
-208, 218, 158
-190, 246, 126
-157, 161, 222
-105, 134, 205
-105, 134, 205
-86, 189, 226
-81, 375, 254
-81, 579, 261
-72, 703, 253
-72, 703, 224
-71, 933, 224
-110, 1390, 157
-191, 1636, 232
-236, 1811, 186
-291, 1993, 104
-376, 1997, 109
-404, 1997, 5
-404, 1997, 5
-,-,-
-282, 291, 82
-316, 358, 200
-325, 407, 293
-325, 407, 293
-267, 332, 211
-214, 223, 218
-170, 182, 301
-142, 266, 353
-115, 404, 304
-99, 567, 200
-99, 567, 200
-65, 717, 140
-7, 893, 55
-52, 1251, 81
-143, 1478, 59
-143, 1478, 59
-194, 1570, 45
-220, 1754, 75
-254, 1977, 118
-295, 1997, 79
-355, 1997, 76
-374, 1997, 65
-,-,-
-202, 251, 51
-203, 234, 40
-242, 274, 199
-239, 337, 198
-239, 337, 198
-175, 277, 178
-130, 181, 218
-127, 214, 245
-127, 311, 273
-101, 469, 252
-82, 623, 274
-82, 623, 274
-93, 887, 211
-161, 1086, 206
-205, 1331, 197
-242, 1654, 208
-297, 1950, 250
-369, 1997, 264
-,-,-
-103, 96, 51
-103, 96, 51
-188, 174, 183
-154, 169, 223
-131, 112, 156
-123, 119, 149
-123, 119, 149
-118, 124, 203
-114, 202, 210
-126, 353, 260
-138, 436, 281
-155, 643, 189
-152, 980, 78
-152, 980, 78
-173, 1213, 184
-195, 1352, 176
-217, 1529, 129
-281, 1884, 87
-336, 1997, 135
-,-,-
-131, 88, 84
-201, 91, 106
-201, 91, 106
-181, 227, 133
-181, 247, 166
-165, 216, 215
-135, 131, 269
-109, 113, 263
-109, 113, 263
-105, 211, 277
-119, 552, 228
-114, 923, 186
-106, 1105, 141
-136, 1176, 126
-204, 1251, 71
-239, 1468, -49
-239, 1468, -49
-276, 1652, 74
-293, 1729, 158
-312, 1870, 153
-360, 1996, 156
-385, 1997, 62
-,-,-
-198, 288, 183
-209, 293, 96
-209, 293, 96
-195, 270, 266
-160, 303, 232
-136, 392, 203
-132, 497, 225
-132, 722, 184
-143, 982, 142
-143, 982, 142
-185, 1158, 151
-221, 1252, 123
-256, 1317, 129
-270, 1499, 132
-301, 1674, 249
-299, 1761, 267
-312, 1792, 207
-,-,-
-167, 228, 33
-208, 256, 60
-208, 256, 60
-226, 267, 185
-175, 213, 172
-123, 163, 142
-111, 161, 233
-104, 289, 201
-92, 601, 170
-92, 601, 170
-91, 782, 299
-85, 932, 384
-80, 1216, 248
-162, 1582, 191
-292, 1800, 385
-292, 1800, 385
-298, 1922, 392
-317, 1997, 371
-350, 1997, 346
-382, 1997, 285
-,-,-
-221, -32, 184
-132, -79, -14
-177, 34, 53
-178, 154, 128
-178, 154, 128
-161, 156, 197
-143, 180, 202
-103, 227, 199
-56, 273, 217
-53, 332, 244
-53, 332, 244
-69, 442, 285
-89, 792, 221
-89, 1035, 167
-73, 1119, 220
-77, 1297, 157
-77, 1297, 157
-163, 1570, 38
-257, 1761, 56
-306, 1848, 194
-333, 1980, 227
-347, 1997, 221
-,-,-
-185, 407, 61
-185, 407, 61
-119, 253, 32
-127, 186, 134
-132, 310, 253
-124, 430, 294
-124, 430, 294
-91, 566, 262
-86, 863, 204
-107, 1071, 246
-143, 1276, 239
-193, 1439, 234
-210, 1663, 217
-224, 1736, 224
-224, 1736, 224
-256, 1836, 266
-247, 1914, 247
-255, 1996, 75
-254, 1997, 8
-268, 1997, -48
-273, 1993, -42
-,-,-
-170, 200, 175
-170, 200, 175
-238, 285, 283
-242, 290, 315
-201, 233, 253
-151, 186, 280
-117, 313, 262
-85, 509, 204
-85, 509, 204
-90, 631, 253
-84, 839, 216
-118, 1208, 210
-153, 1473, 216
-214, 1655, 209
-272, 1743, 214
-272, 1743, 214
-301, 1874, 156
-320, 1996, 138
-362, 1997, 194
-,-,-
-166, 195, 55
-162, 192, 72
-240, 308, 285
-222, 372, 208
-156, 296, 87
-121, 251, 125
-121, 251, 125
-110, 307, 159
-84, 391, 167
-81, 466, 283
-54, 617, 239
-54, 617, 239
-63, 976, 129
-128, 1170, 218
-178, 1311, 231
-191, 1493, 198
-236, 1818, 206
-292, 1996, 264
-322, 1997, 176
-357, 1997, 146
-,-,-
-276, 281, 123
-265, 400, 199
-286, 449, 160
-264, 366, 146
-264, 366, 146
-237, 308, 166
-195, 291, 208
-189, 356, 306
-165, 500, 279
-136, 709, 185
-116, 789, 188
-116, 789, 188
-77, 829, 140
-79, 1079, 90
-114, 1356, 104
-161, 1465, 231
-187, 1521, 216
-222, 1590, 264
-222, 1590, 264
-293, 1891, 318
-328, 1997, 322
-354, 1997, 311
-,-,-
-177, 125, 155
-177, 125, 155
-193, 148, 196
-177, 195, 198
-193, 227, 222
-187, 241, 276
-180, 274, 312
-180, 274, 323
-160, 328, 323
-165, 399, 332
-164, 553, 224
-180, 875, 125
-204, 1069, 143
-205, 1134, 88
-228, 1137, 37
-228, 1137, 37
-274, 1244, 24
-300, 1459, 138
-335, 1641, 295
-340, 1788, 282
-369, 1949, 286
-381, 1997, 282
-385, 1997, 253
-372, 1997, 234
-,-,-
-223, 330, 155
-192, 206, 106
-208, 267, 129
-177, 389, 197
-185, 514, 288
-184, 624, 246
-184, 624, 246
-190, 674, 209
-181, 889, 170
-195, 1183, 194
-239, 1381, 293
-243, 1421, 303
-248, 1499, 253
-266, 1723, 194
-277, 1881, 149
-277, 1881, 149
-292, 1958, 123
-316, 1995, 86
-,-,-
-233, 260, -17
-233, 260, -17
-277, 318, 6
-268, 392, 26
-216, 368, 1
-179, 248, 90
-179, 248, 90
-146, 122, 144
-113, 175, 154
-92, 385, 174
-84, 685, 168
-84, 685, 168
-114, 811, 352
-76, 933, 351
-85, 1256, 284
-164, 1763, 277
-262, 1977, 288
-316, 1997, 206
-353, 1997, 173
-353, 1997, 173
-375, 1997, 118
-,-,-
-230, 294, -10
-295, 385, -6
-321, 524, 145
-321, 524, 145
-286, 483, 162
-228, 378, 141
-186, 286, 168
-151, 247, 181
-149, 227, 170
-159, 266, 108
-159, 266, 108
-153, 413, 149
-123, 744, 123
-123, 1268, -14
-185, 1592, -14
-233, 1694, 24
-247, 1714, 47
-247, 1714, 47
-296, 1917, 54
-379, 1997, 169
-455, 1997, 251
-,-,-
-266, 236, 138
-220, 295, 122
-203, 249, 151
-163, 131, 155
-148, 194, 204
-148, 194, 204
-170, 389, 250
-153, 562, 215
-114, 670, 197
-61, 739, 189
-54, 994, 157
-54, 994, 157
-109, 1229, 288
-143, 1375, 296
-159, 1558, 262
-206, 1891, 214
-276, 1997, 198
-,-,-
-186, 353, 136
-186, 353, 136
-211, 313, 130
-192, 241, 161
-168, 273, 226
-152, 430, 239
-158, 639, 292
-142, 734, 276
-142, 734, 276
-132, 810, 238
-153, 1105, 131
-194, 1412, 230
-225, 1554, 274
-220, 1582, 173
-278, 1710, 203
-325, 1965, 216
-335, 1997, 165
-334, 1997, 56
-,-,-
-266, 340, 58
-235, 378, -63
-235, 378, 94
-241, 354, 94
-242, 365, 253
-222, 457, 267
-224, 637, 329
-236, 714, 375
-207, 755, 242
-207, 755, 242
-169, 831, 171
-159, 932, 173
-162, 990, 213
-171, 1074, 229
-175, 1299, 138
-224, 1593, 148
-291, 1730, 238
-291, 1730, 238
-291, 1819, 204
-298, 1972, 177
-303, 1997, 210
-,-,-
-267, 318, 226
-193, 390, 139
-173, 416, 216
-165, 491, 290
-188, 695, 324
-209, 867, 366
-203, 941, 371
-203, 941, 371
-160, 993, 300
-171, 1279, 183
-238, 1507, 206
-278, 1619, 156
-279, 1669, 102
-296, 1804, 99
-331, 1951, 132
-339, 1997, 67
-339, 1997, 67
-,-,-
-313, 305, 117
-257, 287, 89
-236, 315, -11
-283, 405, 37
-257, 413, 147
-257, 413, 147
-215, 367, 239
-174, 293, 253
-157, 273, 270
-153, 360, 268
-154, 556, 226
-147, 623, 234
-147, 623, 234
-153, 732, 205
-204, 1096, 100
-268, 1460, 169
-293, 1704, 223
-330, 1908, 271
-374, 1997, 209
-413, 1997, 157
-427, 1997, 154
-,-,-
-263, 276, 134
-297, 349, 89
-297, 349, 89
-288, 436, 100
-271, 470, 158
-230, 389, 238
-186, 378, 257
-162, 462, 264
-162, 462, 264
-157, 498, 350
-172, 575, 336
-171, 781, 192
-185, 979, 175
-220, 1104, 229
-247, 1221, 160
-324, 1511, 51
-324, 1511, 51
-387, 1680, 129
-426, 1775, 143
-,-,-
-242, 272, 130
-236, 259, 155
-251, 320, 127
-241, 311, 171
-222, 267, 224
-185, 316, 222
-185, 316, 222
-153, 376, 237
-141, 427, 231
-161, 660, 177
-190, 865, 237
-200, 979, 351
-184, 979, 354
-184, 1001, 354
-191, 1192, 263
-256, 1524, 172
-331, 1639, 278
-329, 1695, 306
-330, 1840, 239
-353, 1996, 250
-,-,-
-266, 142, 117
-264, 198, 155
-267, 265, 39
-267, 265, 39
-250, 228, 72
-227, 200, 144
-201, 262, 231
-162, 346, 229
-147, 442, 226
-147, 442, 226
-160, 659, 202
-154, 825, 212
-133, 907, 255
-131, 1107, 228
-180, 1376, 164
-251, 1551, 160
-265, 1603, 171
-287, 1727, 163
-287, 1727, 163
-326, 1940, 181
-343, 1997, 231
-,-,-
-226, 163, 42
-226, 163, 42
-252, 228, 94
-242, 212, 91
-222, 158, 117
-178, 175, 95
-178, 175, 95
-166, 265, 161
-154, 330, 179
-135, 379, 230
-130, 615, 206
-157, 966, 256
-178, 1173, 287
-178, 1173, 287
-146, 1254, 222
-169, 1460, 123
-238, 1786, 183
-333, 1984, 253
-363, 1997, 219
-,-,-
-243, 155, 84
-194, 136, 29
-243, 207, 78
-243, 207, 78
-213, 259, 74
-164, 197, 161
-116, 182, 206
-97, 310, 219
-92, 432, 246
-92, 432, 246
-75, 583, 218
-37, 721, 160
-41, 1047, 129
-121, 1319, 226
-151, 1383, 234
-151, 1383, 234
-168, 1503, 264
-190, 1819, 217
-254, 1997, 227
-289, 1997, 199
-291, 1997, 160
-296, 1997, 139
-,-,-
-206, 249, 63
-206, 249, 63
-235, 327, 156
-199, 284, 199
-162, 217, 258
-113, 191, 253
-80, 304, 195
-80, 304, 195
-65, 430, 215
-51, 549, 271
-45, 725, 251
-60, 1029, 167
-60, 1029, 167
-82, 1230, 191
-93, 1333, 177
-137, 1562, 210
-211, 1906, 230
-290, 1997, 277
-306, 1997, 239
-312, 1997, 252
-,-,-
-279, 225, 222
-218, 234, 64
-225, 279, 0
-225, 279, 0
-227, 351, 88
-224, 264, 257
-193, 205, 219
-153, 255, 149
-153, 255, 149
-131, 355, 162
-123, 590, 155
-132, 783, 282
-105, 909, 336
-81, 1244, 220
-129, 1603, 219
-129, 1603, 219
-203, 1766, 299
-210, 1903, 273
-,-,-
-215, 304, 101
-177, 219, 181
-155, 134, 116
-170, 110, 106
-170, 114, 123
-154, 95, 125
-125, 61, 129
-125, 61, 129
-111, 36, 176
-79, 70, 154
-35, 195, 172
-35, 195, 172
0, 376, 238
40, 586, 279
64, 963, 227
64, 963, 227
20, 1340, 281
-16, 1583, 319
-70, 1886, 307
-149, 1997, 355
-228, 1997, 364
-269, 1997, 230
-269, 1997, 230
-285, 1997, 163
-,-,-
-208, 256, 169
-211, 299, 243
-157, 224, 202
-128, 214, 174
-123, 403, 302
-112, 594, 381
-112, 594, 381
-100, 720, 388
-88, 783, 369
-110, 979, 315
-171, 1338, 326
-230, 1561, 397
-219, 1688, 312
-230, 1781, 252
-230, 1781, 252
-248, 1958, 236
-293, 1997, 239
-300, 1997, 191
-317, 1997, 146
-306, 1992, 118
-,-,-
-252, 226, 82
-292, 236, 122
-318, 306, 208
-313, 369, 241
-245, 345, 203
-200, 394, 205
-200, 394, 205
-183, 524, 253
-165, 601, 299
-151, 635, 302
-125, 770, 226
-145, 1119, 182
-213, 1280, 292
-236, 1364, 221
-236, 1364, 221
-277, 1501, 211
-306, 1741, 218
-356, 1931, 300
-,-,-
-139, 110, 71
-199, 156, 40
-199, 156, 40
-258, 242, 261
-206, 235, 208
-141, 235, 154
-109, 260, 261
-90, 418, 287
-90, 418, 287
-106, 620, 353
-104, 773, 319
-86, 833, 340
-75, 1008, 276
-132, 1362, 234
-209, 1569, 222
-209, 1569, 222
-243, 1689, 207
-,-,-
-249, 193, 172
-225, 226, 116
-230, 239, 97
-226, 297, 101
-203, 259, 175
-148, 240, 177
-148, 240, 177
-124, 260, 289
-119, 302, 351
-120, 516, 303
-138, 803, 335
-143, 945, 353
-143, 945, 217
-116, 1057, 217
-125, 1386, 94
-189, 1670, 200
-237, 1805, 301
-243, 1862, 264
-240, 1962, 244
-,-,-
-185, 108, 123
-208, 162, 133
-222, 203, 215
-188, 222, 200
-154, 335, 232
-154, 335, 232
-135, 467, 264
-133, 515, 304
-155, 531, 273
-136, 533, 189
-109, 616, 160
-97, 903, 183
-97, 903, 183
-113, 1176, 235
-158, 1366, 266
-180, 1524, 196
-230, 1707, 252
-277, 1892, 282
-298, 1996, 288
-302, 1997, 246
-,-,-
-310, 277, 110
-226, 235, 2
-263, 260, 19
-285, 310, 138
-285, 310, 138
-247, 223, 172
-190, 149, 169
-152, 178, 175
-163, 338, 198
-171, 521, 249
-158, 691, 280
-158, 691, 280
-111, 864, 274
-99, 1206, 237
-137, 1526, 228
-188, 1647, 316
-199, 1890, 318
-267, 1997, 355
-327, 1997, 318
-,-,-
-344, 337, 147
-252, 253, 101
-279, 196, 195
-273, 234, 240
-273, 234, 240
-230, 200, 248
-193, 136, 316
-163, 156, 307
-139, 305, 162
-130, 423, 105
-113, 530, 127
-113, 530, 127
-100, 771, 127
-107, 1063, 129
-159, 1260, 156
-168, 1416, 200
-154, 1740, 205
-211, 1992, 326
-237, 1997, 324
-,-,-
-237, 178, 49
-264, 121, 54
-324, 289, 172
-284, 346, 79
-284, 346, 79
-246, 260, 100
-215, 244, 178
-193, 251, 256
-196, 340, 303
-181, 483, 226
-175, 614, 277
-175, 614, 277
-174, 719, 323
-171, 905, 282
-189, 1222, 239
-228, 1474, 301
-234, 1587, 242
-220, 1678, 197
-221, 1864, 163
-221, 1864, 163
-256, 1995, 129
-,-,-
-318, 306, 115
-318, 306, 115
-292, 307, 37
-264, 286, 29
-240, 358, 145
-214, 368, 285
-184, 491, 287
-184, 491, 287
-155, 633, 296
-161, 782, 318
-173, 899, 378
-208, 1185, 352
-230, 1415, 360
-231, 1499, 293
-253, 1548, 250
-253, 1548, 250
-290, 1763, 205
-,-,-
-238, 228, -66
-238, 228, -66
-346, 305, 3
-321, 314, 100
-259, 263, 155
-214, 231, 166
-156, 288, 138
-156, 288, 138
-116, 397, 156
-99, 488, 194
-81, 650, 173
-102, 985, 237
-124, 1234, 288
-124, 1234, 288
-154, 1357, 247
-178, 1416, 252
-209, 1707, 185
-236, 1955, 167
-,-,-
-313, 158, -32
-313, 158, -32
-347, 319, 67
-343, 380, 188
-295, 374, 86
-258, 314, 106
-207, 292, 180
-207, 292, 180
-140, 292, 288
-115, 522, 308
-151, 745, 382
-174, 802, 422
-131, 827, 349
-121, 989, 265
-121, 989, 265
-123, 1132, 262
-186, 1238, 335
-199, 1421, 229
-219, 1655, 246
-278, 1921, 231
-316, 1997, 127
-,-,-
-273, 292, 229
-220, 216, 46
-251, 282, 55
-251, 282, 55
-262, 368, 203
-222, 360, 304
-163, 406, 293
-154, 499, 356
-185, 555, 355
-185, 555, 355
-194, 630, 300
-177, 859, 265
-169, 1123, 280
-175, 1260, 234
-208, 1333, 255
-237, 1551, 228
-290, 1794, 283
-322, 1924, 309
-322, 1924, 309
-318, 1990, 259
-333, 1997, 198
-,-,-
-301, 231, 216
-249, 281, 205
-266, 317, 78
-232, 331, 43
-232, 331, 43
-192, 320, 151
-146, 387, 200
-121, 454, 263
-115, 526, 275
-106, 667, 202
-106, 667, 202
-109, 856, 168
-161, 1069, 221
-226, 1204, 242
-228, 1214, 205
-239, 1376, 188
-301, 1635, 255
-384, 1852, 297
-385, 1929, 265
-385, 1929, 265
-,-,-
-215, 219, 73
-215, 219, 73
-289, 275, 53
-285, 294, 165
-209, 245, 177
-149, 207, 221
-120, 302, 215
-118, 302, 149
-118, 473, 149
-120, 625, 173
-104, 673, 253
-102, 898, 219
-144, 1243, 227
-220, 1377, 301
-234, 1457, 322
-255, 1590, 368
-,-,-
-234, 278, 102
-198, 216, 32
-220, 179, 70
-220, 179, 70
-238, 189, 145
-227, 231, 96
-201, 249, 144
-158, 242, 204
-136, 264, 306
-136, 264, 306
-118, 373, 302
-100, 487, 335
-101, 633, 352
-107, 818, 313
-108, 972, 255
-114, 1145, 214
-171, 1499, 216
-171, 1499, 216
-250, 1742, 317
-274, 1880, 273
-297, 1996, 251
-,-,-
-261, 321, 93
-198, 323, 141
-223, 289, 174
-203, 294, 189
-203, 294, 189
-181, 278, 299
-138, 303, 335
-125, 347, 398
-150, 450, 401
-194, 613, 399
-194, 613, 399
-188, 798, 366
-170, 936, 363
-144, 1063, 309
-138, 1099, 258
-158, 1210, 161
-177, 1469, 106
-235, 1686, 227
-274, 1843, 245
-306, 1981, 227
-306, 1981, 227
-,-,-
-236, 273, 120
-201, 256, 112
-272, 352, 226
-277, 407, 192
-246, 363, 176
-246, 363, 176
-225, 340, 257
-186, 340, 303
-170, 333, 364
-185, 369, 406
-189, 594, 327
-189, 594, 296
-203, 833, 296
-202, 967, 323
-151, 1058, 308
-104, 1312, 209
-140, 1613, 340
-188, 1730, 392
-174, 1770, 286
-173, 1907, 190
-211, 1997, 144
-,-,-
-226, 168, 184
-153, 220, 226
-153, 257, 137
-157, 308, 23
-157, 308, 23
-162, 381, 93
-157, 389, 198
-181, 382, 303
-196, 426, 206
-198, 478, 186
-198, 478, 186
-174, 624, 151
-177, 810, 210
-199, 985, 245
-243, 1085, 262
-237, 1248, 208
-254, 1534, 267
-305, 1774, 395
-299, 1911, 332
-299, 1911, 332
-299, 1955, 230
-,-,-
-189, 234, -45
-180, 321, 1
-180, 321, 41
-206, 376, 41
-188, 276, 80
-161, 235, 162
-118, 378, 231
-95, 560, 330
-95, 560, 330
-116, 708, 446
-116, 804, 344
-114, 837, 366
-105, 1091, 339
-117, 1358, 370
-152, 1537, 389
-199, 1641, 320
-199, 1641, 320
-226, 1652, 289
-245, 1867, 273
-284, 1995, 293
-297, 1997, 231
-302, 1997, 106
-,-,-
-241, 247, 4
-234, 195, 4
-234, 195, 4
-220, 220, 49
-200, 320, 90
-174, 413, 146
-158, 429, 232
-158, 429, 232
-112, 592, 195
-90, 811, 352
-91, 988, 506
-87, 1164, 498
-140, 1515, 453
-246, 1863, 554
-246, 1863, 554
-293, 1981, 544
-734, 1286, 163
-503, 1514, 335
70, 1997, -326
-320, 1997, 291
-,-,-
-362, 290, 91
-331, 267, 164
-293, 264, 136
-293, 264, 136
-203, 241, 40
-202, 210, 84
-175, 266, 100
-153, 462, 143
-109, 635, 242
-109, 635, 242
-65, 861, 287
-50, 1107, 293
-84, 1329, 223
-83, 1448, 254
-70, 1663, 287
-136, 1810, 436
-136, 1810, 436
-148, 1934, 369
-167, 1997, 294
-165, 1997, 250
-172, 1997, 199
-,-,-
-270, 283, 110
-203, 302, 118
-218, 221, 170
-177, 208, 156
-136, 313, 132
-136, 313, 132
-120, 409, 247
-106, 499, 342
-83, 645, 390
-76, 983, 431
-67, 1270, 414
-67, 1270, 414
-35, 1380, 308
-23, 1602, 138
-71, 1920, 20
-152, 1997, 58
-198, 1997, 27
-198, 1997, 27
-221, 1997, -55
-207, 1997, -152
-,-,-
-325, 446, 10
-271, 394, 93
-243, 381, 189
-243, 381, 189
-220, 409, 197
-181, 579, 209
-151, 817, 243
-123, 885, 299
-120, 955, 340
-122, 1153, 288
-122, 1153, 288
-149, 1457, 240
-224, 1626, 308
-240, 1688, 235
-252, 1860, 118
-306, 1994, 74
-,-,-
-372, 338, 203
-306, 375, 197
-210, 252, 69
-210, 252, 69
-161, 249, 73
-166, 353, 187
-165, 512, 202
-147, 703, 180
-125, 837, 223
-125, 837, 223
-74, 962, 203
-86, 1343, 150
-194, 1646, 200
-225, 1732, 159
-216, 1836, 80
-232, 1990, 94
-232, 1990, 94
-255, 1997, 110
-,-,-
-316, 421, 145
-217, 405, 134
-162, 245, 74
-157, 271, 111
-145, 446, 276
-145, 446, 276
-116, 531, 359
-119, 692, 293
-103, 935, 282
-93, 1104, 293
-73, 1295, 233
-91, 1551, 198
-91, 1551, 198
-127, 1766, 170
-147, 1788, 88
-171, 1877, 4
-219, 1994, -50
-250, 1997, -125
-,-,-
-238, 345, 55
-238, 345, 55
-202, 269, 32
-225, 336, 107
-183, 424, 206
-172, 438, 344
-172, 438, 344
-142, 510, 264
-120, 717, 193
-137, 921, 268
-137, 1082, 293
-134, 1254, 197
-188, 1497, 106
-271, 1651, 151
-279, 1740, 120
-279, 1740, 120
-304, 1818, 107
-307, 1935, 45
-325, 1964, 55
-,-,-
-297, 423, 63
-239, 414, 62
-239, 414, 71
-204, 342, 71
-199, 306, 139
-184, 327, 278
-151, 468, 305
-156, 653, 323
-158, 817, 358
-158, 817, 358
-131, 932, 388
-125, 1160, 373
-123, 1510, 249
-165, 1653, 253
-179, 1743, 156
-173, 1886, 68
-212, 1994, 49
-212, 1994, 49
-242, 1997, 4
-,-,-
-281, 223, 20
-218, 277, 129
-207, 369, 260
-165, 465, 191
-165, 465, 191
-163, 569, 185
-165, 674, 221
-159, 706, 306
-128, 813, 227
-128, 1142, 165
-146, 1383, 319
-146, 1383, 319
-162, 1495, 279
-169, 1533, 217
-164, 1693, 166
-199, 1943, 119
-255, 1997, 121
-274, 1997, 72
-275, 1997, 14
-,-,-
-250, 339, -66
-289, 301, 40
-320, 332, 141
-308, 352, 58
-255, 312, 33
-255, 312, 33
-206, 312, 115
-145, 363, 147
-112, 469, 134
-93, 627, 176
-63, 762, 235
-63, 762, 235
-31, 815, 303
-27, 1125, 299
-89, 1432, 349
-128, 1603, 338
-135, 1736, 250
-160, 1963, 244
-160, 1963, 244
-210, 1997, 272
-234, 1997, 177
-255, 1997, 207
-209, 1994, 175
-,-,-
-346, 450, 206
-206, 359, 55
-185, 265, 41
-186, 344, 207
-186, 344, 207
-167, 476, 347
-137, 692, 359
-95, 843, 271
-71, 901, 251
-76, 982, 288
-76, 982, 288
-58, 1162, 193
-47, 1420, 111
-87, 1541, 167
-121, 1606, 132
-157, 1802, 133
-211, 1978, 161
-240, 1997, 188
-240, 1997, 188
-,-,-
-302, 303, 126
-231, 307, 91
-280, 319, -2
-285, 262, 46
-285, 262, 46
-268, 227, 95
-226, 253, 131
-165, 340, 76
-133, 450, 101
-133, 450, 101
-106, 493, 130
-76, 645, 91
-59, 949, 49
-87, 1232, 178
-87, 1232, 178
-93, 1368, 167
-103, 1453, 174
-162, 1658, 216
-231, 1898, 255
-267, 1997, 250
-281, 1997, 197
-277, 1997, 127
-271, 1997, 106
-,-,-
-388, 400, 149
-279, 465, 166
-204, 492, 74
-204, 492, 74
-174, 486, 169
-162, 526, 317
-102, 684, 229
-82, 810, 213
-54, 857, 260
-54, 857, 260
-48, 1021, 197
-98, 1368, 136
-146, 1545, 199
-156, 1615, 180
-162, 1724, 122
-211, 1909, 107
-250, 1985, 110
-250, 1985, 110
-238, 1985, 105
-221, 1957, 101
-,-,-
-300, 284, 73
-301, 348, 75
-285, 372, 41
-292, 336, 58
-292, 336, 58
-264, 267, 103
-244, 304, 157
-226, 514, 163
-196, 708, 126
-160, 781, 115
-160, 781, 115
-120, 811, 201
-87, 1030, 171
-79, 1215, 181
-84, 1257, 217
-77, 1294, 180
-78, 1374, 186
-78, 1374, 186
-124, 1648, 153
-192, 1791, 201
-205, 1886, 201
-227, 1993, 145
-251, 1997, 156
-,-,-
-365, 289, 137
-324, 341, 40
-287, 340, 52
-263, 355, 117
-197, 367, 116
-197, 367, 116
-168, 318, 217
-162, 308, 197
-171, 457, 139
-165, 598, 225
-117, 732, 249
-99, 994, 170
-99, 994, 170
-128, 1360, 70
-202, 1545, 119
-207, 1614, 122
-183, 1656, 86
-180, 1721, 116
-188, 1814, 159
-188, 1814, 159
-226, 1958, 196
-,-,-
-308, 353, 33
-275, 340, 15
-298, 359, 35
-312, 374, 103
-290, 394, 110
-290, 394, 110
-229, 391, 91
-174, 356, 123
-167, 397, 176
-181, 438, 206
-184, 462, 205
-175, 488, 205
-175, 488, 205
-152, 659, 120
-156, 919, 148
-178, 1042, 280
-202, 1111, 239
-240, 1323, 163
-267, 1591, 206
-303, 1771, 306
-303, 1771, 306
-334, 1929, 277
-359, 1997, 198
-375, 1997, 143
-,-,-
-286, 444, 51
-284, 462, -33
-272, 564, 41
-256, 505, 94
-209, 409, 27
-209, 409, 27
-191, 320, 86
-184, 273, 161
-197, 369, 156
-197, 584, 59
-211, 581, 116
-211, 581, 116
-206, 582, 129
-157, 639, 81
-101, 967, 1
-140, 1328, 127
-157, 1472, 48
-157, 1472, 48
-186, 1535, 91
-184, 1705, 153
-204, 1940, 154
-232, 1997, 185
-239, 1997, 172
-269, 1997, 266
-256, 1997, 252
-,-,-
-210, 326, -7
-210, 326, -7
-334, 411, 60
-325, 553, 40
-306, 560, 153
-280, 431, 293
-233, 336, 262
-233, 336, 262
-175, 282, 177
-142, 316, 140
-112, 450, 118
-100, 599, 184
-61, 781, 144
-61, 781, 144
-68, 991, 156
-109, 1275, 150
-158, 1429, 228
-188, 1547, 259
-197, 1677, 222
-213, 1947, 129
-262, 1997, 145
-,-,-
-231, 263, 44
-231, 263, 44
-271, 308, 136
-222, 230, 156
-141, 188, 44
-133, 198, 20
-145, 201, 94
-145, 201, 94
-132, 169, 139
-128, 130, 223
-93, 147, 242
-76, 349, 212
-96, 617, 261
-96, 617, 261
-133, 803, 308
-160, 904, 353
-180, 1189, 273
-194, 1535, 189
-209, 1707, 218
-240, 1840, 252
-240, 1840, 252
-286, 1967, 295
