-,-,-
13, -18, 1008
8, -22, 1013
8, -22, 1013
13, -20, 1011
53, -62, 1009
98, -131, 1013
112, -237, 1004
142, -258, 1007
142, -258, 1007
133, -280, 1027
120, -274, 1025
104, -232, 997
49, -179, 1005
4, -14, 964
-50, 241, 1001
-50, 241, 1001
-96, 510, 1032
-102, 522, 989
-50, 315, 1019
-44, 308, 1015
-110, 435, 1002
-66, 348, 1015
24, 42, 1019
24, 42, 1019
20, -109, 988
1, -189, 985
18, -353, 1039
18, -353, 1039
3, -382, 1003
27, -301, 1007
-,-,-
112, -162, 1011
157, -253, 1004
165, -298, 1017
152, -302, 968
130, -251, 960
111, -207, 962
83, -143, 989
83, -143, 989
5, 28, 990
15, -86, 964
-27, -63, 955
-27, -63, 955
-68, 81, 977
-86, 262, 942
-140, 510, 1010
-181, 657, 1007
-60, 243, 1015
-60, 243, 1015
-25, 349, 1003
-37, 380, 1021
-26, 430, 1000
53, 468, 999
63, 197, 1002
63, 197, 1002
59, 66, 1012
32, -222, 964
36, -443, 1026
-,-,-
36, -29, 1012
16, -29, 1007
16, -29, 1007
143, -132, 1010
127, -178, 1011
148, -228, 1004
178, -259, 1014
174, -287, 1030
163, -304, 969
156, -261, 991
156, -261, 991
32, -167, 930
34, -73, 975
41, -65, 956
-42, 77, 988
-42, 77, 988
-88, 269, 1014
-154, 465, 987
-187, 654, 994
-94, 498, 1010
-94, 498, 1010
-55, 537, 1013
-55, 605, 1012
6, 464, 973
40, 356, 979
40, 356, 979
48, 174, 1031
86, -44, 975
82, -295, 981
58, -555, 1020
-,-,-
12, -21, 1008
12, -21, 1008
75, -81, 1009
142, -172, 1009
135, -227, 1010
128, -267, 1012
147, -237, 999
121, -243, 983
121, -243, 983
129, -216, 972
126, -172, 975
57, -168, 968
34, -157, 990
49, -50, 983
49, -50, 983
1, -9, 896
-55, 167, 920
-55, 167, 971
-85, 342, 971
-90, 459, 977
-65, 451, 1023
-54, 386, 1003
-2, 411, 1016
-2, 411, 1016
-23, 509, 1012
16, 473, 1011
22, 347, 997
22, 179, 997
22, 179, 997
6, 40, 1001
-12, -62, 949
5, -204, 1004
5, -204, 1004
-8, -205, 993
22, -352, 1003
-,-,-
36, -34, 1008
97, -147, 1014
157, -239, 1013
112, -203, 998
129, -155, 1000
145, -183, 1028
155, -254, 1014
139, -219, 971
139, -219, 971
98, -163, 990
71, -142, 979
49, -87, 1006
50, -17, 986
50, -17, 986
31, -69, 945
-4, 4, 1007
-47, 83, 988
-47, 83, 988
-87, 190, 954
-91, 326, 960
-117, 489, 1023
-136, 492, 992
-136, 492, 992
-34, 373, 1013
-71, 510, 1012
-8, 444, 995
18, 369, 965
32, 228, 1021
32, 228, 1021
29, 95, 976
36, -42, 1013
32, -153, 994
32, -153, 994
41, -235, 963
30, -310, 1018
13, -358, 1025
-,-,-
28, -8, 1026
43, -79, 994
90, -115, 1013
90, -115, 1013
117, -154, 1002
116, -154, 1007
138, -213, 1044
138, -202, 975
153, -214, 992
119, -218, 991
121, -179, 997
121, -179, 997
114, -187, 945
96, -210, 984
15, -67, 957
-1, 16, 955
-1, 16, 955
-34, 53, 966
-97, 251, 973
-108, 415, 979
-136, 479, 1036
-136, 479, 1036
-109, 472, 997
-26, 351, 1011
-45, 469, 1021
-20, 437, 1002
8, 382, 1016
48, 278, 1000
48, 278, 1000
-,-,-
112, -127, 1011
112, -127, 1011
68, -145, 1013
88, -192, 1020
88, -195, 999
94, -199, 1009
88, -174, 1019
83, -179, 996
83, -179, 996
104, -160, 994
61, -112, 1037
40, -124, 979
26, -63, 980
26, -63, 980
11, 9, 991
-39, 117, 975
-83, 249, 1024
-83, 249, 1024
-85, 305, 1018
-63, 377, 1008
-72, 352, 1001
13, 299, 1010
-29, 449, 1020
21, 404, 1002
21, 404, 1002
39, 325, 1002
38, 242, 1010
21, 46, 989
21, 46, 989
-10, -177, 1000
-,-,-
162, -125, 1008
122, -195, 1013
139, -251, 991
103, -244, 1035
83, -194, 997
94, -214, 992
94, -214, 992
104, -187, 975
66, -200, 1005
48, -145, 964
31, -90, 989
31, -90, 989
-11, 23, 972
-38, 153, 963
-71, 246, 1019
-94, 392, 1010
-94, 392, 1010
-90, 550, 1003
-80, 441, 1008
3, 432, 1011
-13, 501, 1005
32, 388, 995
32, 388, 995
43, 310, 1031
54, 291, 992
38, 118, 985
38, 118, 985
41, -107, 992
30, -288, 1016
-,-,-
80, -64, 1008
167, -138, 1008
167, -138, 1008
98, -166, 1018
148, -218, 984
111, -231, 1021
103, -215, 995
117, -215, 975
92, -201, 1020
45, -156, 987
45, -156, 987
47, -129, 978
27, -83, 938
-18, 7, 983
-18, 7, 983
-63, 166, 960
-90, 354, 1018
-136, 544, 994
-130, 509, 1002
-130, 509, 1002
27, 363, 1002
-5, 489, 1018
46, 440, 1016
74, 339, 998
91, 261, 981
91, 261, 981
79, 112, 994
-,-,-
143, -101, 1012
161, -130, 1013
127, -185, 1014
134, -217, 1003
90, -208, 1021
90, -208, 1021
105, -238, 980
99, -242, 1032
85, -254, 962
21, -213, 954
25, -131, 1022
25, -131, 1022
25, -124, 966
0, -39, 968
-60, 166, 1032
-67, 341, 986
-67, 341, 986
-63, 398, 1019
-46, 418, 1011
-61, 439, 1005
3, 369, 1015
-27, 530, 983
-27, 530, 983
6, 502, 1035
41, 420, 990
56, 349, 1012
56, 349, 1012
41, 178, 1002
-,-,-
103, -116, 1018
131, -180, 1002
75, -157, 1009
91, -165, 993
118, -235, 1023
57, -222, 975
57, -222, 975
101, -172, 1018
121, -207, 969
74, -204, 952
23, -69, 1016
23, -69, 1016
12, -107, 957
-37, 112, 977
-97, 300, 970
-109, 449, 1011
-101, 542, 988
-101, 542, 988
-48, 428, 1016
14, 424, 1006
-32, 490, 1014
23, 401, 1016
21, 286, 1011
21, 286, 1011
55, 95, 987
31, -44, 983
-8, -187, 993
-8, -187, 993
-4, -181, 981
-24, -283, 1009
0, -299, 997
-3, -355, 1027
-14, -400, 1008
-14, -400, 1008
30, -326, 1016
-32, -76, 1011
-,-,-
86, -209, 989
154, -258, 1010
102, -161, 1008
102, -161, 1008
45, -76, 1003
93, -100, 980
40, -190, 1002
22, -79, 980
40, -101, 927
40, -101, 927
-1, 64, 1005
-20, 107, 991
-54, 210, 971
-75, 302, 1034
-75, 302, 1034
-77, 350, 1010
-79, 384, 1006
15, 259, 1009
21, 413, 1012
11, 431, 1012
11, 431, 1012
38, 356, 1016
49, 349, 996
19, 230, 1010
13, 101, 994
13, 101, 994
-,-,-
36, -60, 1011
36, -60, 1011
100, -68, 1009
116, -119, 1011
133, -191, 1003
167, -254, 1000
136, -265, 1023
188, -291, 1001
105, -235, 1007
105, -235, 1007
49, -76, 990
72, -189, 1013
-4, -60, 985
29, 45, 1016
29, 45, 1016
-67, 181, 967
-101, 335, 1025
-106, 434, 986
-125, 464, 1007
-17, 319, 1015
-3, 351, 1004
-3, 351, 1004
0, 370, 1007
2, 347, 1022
32, 291, 980
32, 291, 980
27, 154, 978
36, 59, 992
21, -45, 979
21, -45, 979
-2, -175, 1014
11, -254, 1034
-,-,-
21, -23, 1011
21, -23, 1011
23, -34, 1009
122, -83, 1014
148, -137, 1011
153, -193, 1003
182, -275, 996
182, -275, 996
162, -310, 1011
171, -284, 963
159, -264, 1014
90, -162, 1000
60, 0, 967
60, 0, 967
30, -21, 1003
-35, 1, 972
-37, 110, 1022
-37, 110, 1022
-73, 193, 963
-118, 355, 1029
-147, 436, 1010
-171, 474, 1005
-76, 419, 1012
-86, 489, 1015
-27, 347, 1014
-27, 347, 1014
6, 259, 995
3, 197, 996
23, 65, 1000
-,-,-
95, -68, 1011
117, -68, 1012
117, -91, 1012
117, -136, 1010
139, -218, 1010
159, -253, 987
157, -266, 1037
152, -284, 993
148, -266, 1009
138, -247, 1022
138, -247, 1022
109, -130, 1000
90, -157, 957
-25, 8, 978
-25, 28, 922
-52, 156, 974
-52, 156, 974
-108, 383, 1003
-119, 539, 1023
-89, 568, 1012
-33, 465, 1011
-2, 544, 994
-2, 544, 994
-6, 517, 1007
58, 422, 1005
41, 287, 1001
46, 116, 972
46, 116, 972
25, -10, 1019
-6, -183, 972
-12, -308, 1007
-17, -432, 1024
-17, -432, 1024
-,-,-
24, -29, 993
170, -124, 1024
160, -176, 1013
143, -268, 1017
149, -300, 979
149, -300, 979
135, -274, 1012
120, -273, 1012
125, -320, 1013
52, -186, 983
83, -181, 939
-4, -38, 892
-4, -38, 892
27, -29, 1006
-28, 104, 969
-116, 338, 985
-121, 509, 1028
-121, 509, 1028
-121, 571, 1007
-95, 451, 991
41, 309, 1016
18, 413, 995
42, 409, 1008
42, 409, 1008
63, 333, 988
58, 241, 1015
55, 163, 1016
36, 97, 983
36, 97, 983
-,-,-
23, -47, 998
81, -66, 1022
72, -57, 1009
72, -57, 1009
75, -83, 1015
99, -125, 1006
85, -131, 1009
116, -185, 1002
128, -176, 1017
129, -204, 1018
129, -204, 1018
122, -212, 1003
63, -159, 990
70, -88, 972
71, -140, 1015
4, -56, 961
4, -56, 961
11, -30, 998
-25, 0, 1006
-34, 110, 992
-34, 110, 992
-54, 234, 1007
-89, 366, 976
-84, 355, 1016
-81, 332, 1016
-81, 332, 1016
-33, 359, 1016
-31, 453, 1017
-25, 380, 979
0, 316, 997
21, 202, 1032
-,-,-
168, -170, 999
150, -212, 1022
129, -202, 1003
148, -209, 996
81, -191, 1029
41, -116, 1004
93, -92, 982
93, -92, 982
28, -126, 950
20, -7, 1003
28, -26, 1025
28, -26, 1025
-7, 8, 938
-20, 71, 1005
-71, 140, 1031
-102, 224, 994
-102, 224, 994
-110, 310, 979
-112, 336, 1011
-44, 271, 1007
-15, 278, 1005
-33, 372, 1014
9, 353, 1019
9, 353, 1019
47, 336, 988
55, 342, 1034
44, 256, 999
44, 256, 999
46, 131, 986
34, 9, 983
27, -174, 1004
27, -174, 1004
17, -354, 1004
-,-,-
115, -160, 1011
152, -233, 999
168, -230, 1011
147, -213, 1016
153, -213, 1001
73, -132, 1020
73, -132, 1020
115, -101, 954
82, -159, 973
17, 2, 1008
-7, 11, 983
-7, 11, 983
-44, 75, 974
-73, 139, 989
-82, 225, 1013
-82, 225, 1013
-113, 348, 997
-164, 434, 1003
-96, 355, 1019
-28, 402, 1009
-31, 421, 1004
8, 332, 1006
8, 332, 1006
36, 234, 1029
37, 179, 980
32, 89, 993
32, 89, 993
9, -6, 1009
8, -45, 1001
-12, -185, 963
-12, -185, 963
10, -314, 1009
27, -494, 1001
-,-,-
149, -171, 1014
104, -211, 1021
102, -187, 999
102, -187, 999
106, -222, 1010
97, -235, 993
127, -222, 999
48, -122, 988
116, -147, 993
116, -147, 993
31, -111, 914
63, -55, 964
6, -18, 976
-43, 110, 986
-43, 110, 986
-92, 269, 960
-128, 443, 978
-146, 547, 1027
-82, 430, 1004
3, 346, 1006
3, 346, 1006
-19, 420, 1007
7, 361, 1043
31, 334, 979
31, 334, 979
51, 286, 1013
36, 177, 1007
21, 31, 1018
-13, -162, 983
-,-,-
125, -117, 1014
101, -128, 1008
102, -155, 1020
116, -186, 992
140, -196, 1024
150, -198, 1002
148, -175, 1007
144, -214, 989
144, -214, 989
78, -80, 1002
100, -28, 973
83, -79, 994
15, 51, 1024
15, 51, 1024
7, -22, 1002
-26, 16, 1003
-32, -13, 985
-32, -13, 985
-58, 11, 979
-59, 118, 1021
-77, 247, 1024
-98, 417, 980
-131, 500, 1013
-131, 500, 1013
-31, 390, 1013
-38, 463, 1018
-32, 417, 996
5, 362, 1038
8, 338, 993
8, 338, 993
12, 267, 998
-1, 172, 945
-,-,-
152, -138, 1018
147, -206, 1002
147, -206, 1002
160, -226, 996
147, -220, 1028
165, -210, 954
155, -226, 1035
77, -121, 982
140, -143, 968
140, -143, 947
67, -149, 947
54, -36, 1004
13, -91, 949
-9, 14, 1035
-9, 14, 1035
-63, 142, 983
-101, 184, 971
-161, 323, 1033
-188, 562, 998
-170, 540, 1008
-47, 392, 1029
-47, 392, 1029
-63, 443, 984
-20, 342, 1024
20, 344, 1001
43, 275, 1011
43, 275, 1011
51, 264, 965
20, 147, 980
28, -38, 1041
-,-,-
7, -21, 1024
182, -111, 999
158, -113, 1011
157, -154, 1012
167, -221, 1011
167, -221, 1011
171, -277, 986
164, -290, 1021
197, -295, 1024
122, -280, 946
110, -158, 991
92, -128, 980
19, 3, 993
19, 3, 993
-9, -14, 957
-52, 95, 973
-52, 95, 973
-71, 236, 944
-112, 379, 1013
-147, 538, 1013
-140, 593, 1002
-64, 474, 999
-64, 474, 999
-80, 556, 1013
-56, 487, 1017
-13, 329, 1006
1, 234, 1000
16, 75, 1002
16, 75, 1002
6, -85, 1005
-,-,-
135, -169, 1022
134, -206, 1002
130, -231, 997
130, -231, 997
142, -266, 998
173, -326, 947
67, -154, 944
128, -140, 1019
26, -89, 928
26, -89, 928
71, 3, 980
9, 14, 979
-4, 39, 957
-4, 39, 957
-59, 120, 1016
-76, 218, 991
-141, 411, 988
-141, 411, 988
-163, 562, 1012
-96, 452, 1010
-25, 442, 1011
-62, 436, 1010
-12, 334, 1019
-4, 279, 1013
-4, 279, 1013
-,-,-
79, -81, 1007
112, -121, 1004
114, -140, 1006
94, -158, 1037
106, -154, 987
89, -158, 999
135, -160, 1020
135, -160, 1020
85, -179, 1011
71, -106, 988
90, -111, 992
43, -144, 970
21, -50, 977
21, -50, 977
23, -85, 987
-19, 0, 986
-16, 43, 971
-16, 43, 971
-23, 103, 1009
-25, 216, 1021
-46, 327, 996
-73, 396, 1019
-73, 396, 1019
-68, 430, 1002
-13, 420, 1012
-12, 474, 994
-25, 432, 1015
-5, 340, 999
-5, 340, 999
-7, 264, 994
10, 102, 1010
2, -63, 970
2, -63, 970
18, -244, 1041
-,-,-
129, -176, 1004
126, -177, 991
108, -82, 993
74, -91, 982
87, -102, 964
87, -102, 964
20, -48, 984
78, -42, 997
34, 20, 980
34, 20, 980
39, 4, 976
24, 8, 930
24, 8, 930
15, 67, 984
-24, 81, 1010
-24, 81, 1010
-57, 115, 1001
-77, 246, 971
-151, 401, 1013
-140, 451, 999
-73, 404, 1016
-70, 401, 1020
-70, 401, 1020
-25, 365, 975
-15, 337, 1016
0, 333, 990
9, 180, 1000
9, 180, 1000
37, 97, 1009
32, -56, 977
-,-,-
151, -164, 1004
142, -168, 1007
147, -179, 1009
136, -166, 1015
139, -175, 1019
142, -195, 986
97, -107, 996
97, -107, 996
73, -42, 970
68, -128, 1034
-26, -71, 953
-4, -6, 1010
-4, -6, 1010
-38, -27, 981
-45, 36, 1001
-60, 86, 994
-60, 86, 994
-60, 210, 997
-77, 345, 993
-63, 412, 1020
-33, 360, 1008
9, 419, 995
9, 419, 995
-28, 448, 1019
8, 412, 964
8, 412, 964
39, 347, 1031
17, 216, 992
38, 78, 949
-,-,-
59, -70, 1014
93, -132, 1005
122, -165, 1030
147, -202, 993
164, -214, 1007
162, -178, 957
185, -194, 1053
185, -194, 1053
86, -161, 970
125, -137, 967
86, -162, 1022
-7, -74, 959
29, 0, 976
29, 0, 976
-19, 102, 1051
-35, 146, 987
-86, 219, 989
-86, 219, 989
-134, 344, 1031
-142, 442, 1007
-81, 446, 1003
-44, 443, 1003
-54, 478, 1038
-30, 371, 985
-30, 371, 985
4, 259, 1007
17, 106, 984
28, -5, 1024
28, -5, 1024
-,-,-
126, -145, 1011
172, -196, 1012
182, -219, 998
169, -210, 1008
135, -221, 985
160, -241, 978
111, -271, 1006
111, -271, 1006
92, -115, 955
71, -156, 967
10, -62, 945
-4, -32, 967
-4, -32, 967
-24, 70, 986
-79, 207, 948
-131, 415, 965
-164, 548, 991
-164, 548, 991
-141, 543, 1003
-33, 418, 1015
-43, 488, 1011
-39, 490, 1017
-,-,-
15, -6, 1023
109, -72, 998
165, -91, 1011
177, -185, 1004
177, -185, 1004
143, -241, 994
161, -238, 1043
176, -279, 1009
190, -273, 982
169, -233, 983
76, -77, 1004
118, -110, 1004
118, -110, 1004
3, -45, 965
32, 8, 975
-8, 47, 984
-8, 47, 984
-45, 120, 985
-54, 197, 983
-78, 248, 988
-78, 248, 988
-93, 302, 1024
-99, 444, 1011
-71, 447, 1007
0, 454, 1000
-10, 470, 1011
-10, 470, 1011
9, 418, 1011
32, 305, 1018
2, 146, 999
-,-,-
136, -79, 1009
138, -132, 1008
129, -162, 1008
106, -189, 1030
106, -189, 1030
130, -227, 997
116, -212, 986
135, -208, 1031
113, -261, 993
63, -156, 993
113, -203, 1023
25, -122, 924
25, -122, 924
75, -38, 968
45, 29, 1032
1, 114, 965
1, 114, 965
-41, 178, 943
-122, 344, 1001
-163, 463, 1008
-127, 468, 1017
-52, 411, 990
-52, 411, 990
-38, 438, 1025
-,-,-
91, -90, 992
165, -160, 1035
137, -180, 1001
143, -184, 994
137, -196, 1028
137, -196, 1028
129, -198, 1009
178, -226, 1003
82, -149, 1005
72, -34, 867
68, -153, 974
13, 4, 940
13, 4, 940
26, -18, 1048
-10, 41, 994
-10, 41, 994
-30, 74, 943
-50, 86, 967
-84, 195, 983
-84, 195, 983
-116, 349, 1005
-122, 466, 1018
-90, 429, 1008
-39, 389, 1019
-28, 409, 1009
-10, 353, 1010
-10, 353, 1010
0, 271, 993
7, 204, 1006
0, 54, 1000
0, 54, 1000
0, -44, 1015
6, -91, 984
-,-,-
112, -89, 1019
127, -141, 1001
140, -166, 1007
140, -166, 1007
127, -212, 1016
125, -222, 1007
146, -231, 1000
156, -235, 1017
129, -204, 1000
44, -55, 965
79, -90, 958
79, -90, 958
13, -36, 1033
21, 17, 966
-1, -43, 942
-1, -43, 942
-29, 18, 1016
-32, 62, 935
-44, 179, 1033
-84, 286, 960
-84, 286, 960
-116, 389, 1014
-101, 469, 1012
-5, 397, 1008
-21, 429, 996
-14, 406, 1026
-14, 406, 1026
14, 362, 999
36, 244, 1014
22, 149, 985
-,-,-
116, -86, 1002
167, -154, 1018
120, -150, 1018
128, -183, 1002
151, -238, 1017
154, -246, 1008
154, -246, 1008
168, -264, 989
99, -118, 993
142, -59, 997
91, -91, 959
9, -4, 1019
9, -4, 1019
11, -43, 957
-31, 13, 1006
-60, 47, 922
-60, 47, 922
-92, 134, 1011
-142, 170, 980
-135, 343, 1011
-142, 441, 988
-112, 413, 1027
-112, 413, 1027
-19, 385, 1012
-53, 399, 1011
-2, 334, 1004
9, 266, 1005
-,-,-
146, -164, 1009
166, -196, 999
166, -186, 996
191, -231, 1012
131, -269, 969
89, -138, 961
89, -138, 961
143, -138, 993
42, -134, 1012
17, -23, 965
-1, -59, 979
-1, -59, 979
-11, 66, 978
-55, 144, 1005
-94, 302, 988
-165, 462, 1038
-165, 462, 1038
-149, 482, 993
-61, 390, 1012
-27, 420, 1018
-55, 433, 1006
-,-,-
36, -37, 1010
176, -120, 1008
177, -129, 1012
152, -163, 1016
156, -210, 998
141, -236, 1013
141, -236, 1013
134, -246, 1004
143, -245, 1008
78, -190, 1012
61, -108, 971
54, -130, 1010
-5, -45, 954
-5, -45, 954
17, -28, 1016
-2, 8, 943
-20, 109, 951
-20, 109, 951
-53, 232, 1032
-99, 388, 1004
-144, 489, 1026
-86, 448, 994
-3, 366, 1005
-3, 366, 1005
-28, 430, 1024
-29, 375, 988
12, 320, 1003
30, 269, 995
30, 269, 995
14, 197, 1019
-,-,-
105, -91, 1005
159, -156, 1001
111, -186, 1019
147, -213, 1011
147, -213, 1011
146, -209, 998
104, -201, 1008
118, -199, 1017
38, -115, 993
52, -102, 976
59, -125, 974
59, -125, 974
15, -42, 1009
44, -53, 1019
15, -25, 947
0, 21, 1010
0, 21, 1010
-3, 44, 1002
-53, 131, 986
-53, 131, 986
-73, 190, 965
-89, 348, 1012
-103, 494, 989
-74, 418, 1019
-20, 368, 1015
-49, 430, 992
-49, 430, 992
-,-,-
65, -57, 1003
161, -149, 1018
141, -169, 1014
144, -213, 1020
147, -219, 1003
147, -219, 1003
172, -241, 967
181, -281, 1006
95, -159, 985
106, -82, 1001
34, -83, 959
11, 22, 961
11, 22, 961
20, -11, 880
-31, 44, 1017
-31, 44, 1017
-53, 83, 964
-62, 153, 990
-101, 290, 995
-113, 516, 986
-118, 506, 977
-118, 506, 977
-60, 417, 1015
-76, 423, 1027
-43, 385, 988
-37, 276, 1019
-30, 191, 979
-30, 191, 979
-11, 76, 963
-14, -30, 993
1, -110, 1000
1, -158, 1014
-,-,-
126, -200, 1001
173, -225, 1001
182, -215, 1004
153, -191, 1024
127, -183, 1001
127, -183, 1001
80, -87, 987
68, -102, 1024
78, -106, 964
39, -44, 972
0, 10, 988
0, 10, 988
-35, 84, 974
-40, 104, 1000
-40, 104, 1000
-60, 190, 1011
-129, 358, 1002
-167, 539, 1012
-125, 500, 996
-18, 491, 1013
-35, 480, 962
-35, 480, 962
-1, 346, 1030
21, 207, 1025
9, 93, 975
9, 93, 975
15, -5, 967
-,-,-
101, -40, 1011
81, -51, 1009
87, -86, 1009
96, -134, 1007
122, -188, 1010
122, -188, 1010
132, -230, 1016
136, -257, 1023
150, -193, 981
126, -203, 1029
140, -218, 959
67, -117, 992
66, -96, 997
66, -96, 997
40, -16, 973
12, 54, 1013
-16, 98, 1006
-16, 98, 1006
-22, 166, 942
-51, 296, 1030
-50, 453, 1005
-53, 498, 989
-53, 498, 989
-59, 469, 1016
-53, 431, 1014
-34, 364, 1006
-18, 264, 982
-18, 78, 1033
-18, 78, 1033
-12, -50, 997
-21, -158, 994
-39, -247, 1011
-,-,-
123, -219, 1009
136, -228, 990
122, -191, 1032
93, -111, 996
117, -159, 998
33, -20, 1006
33, -20, 1006
89, -29, 1001
81, -128, 991
23, -29, 969
35, -29, 1010
35, -51, 1010
6, 55, 974
-20, 151, 1000
-44, 219, 956
-44, 219, 956
-67, 368, 998
-81, 433, 1031
-59, 455, 989
-46, 460, 1020
-62, 447, 983
-62, 447, 983
-33, 320, 997
-15, 242, 1014
-19, 121, 1027
-12, 8, 1000
-12, 8, 1000
-28, -102, 1003
-,-,-
163, -272, 984
149, -245, 1030
137, -267, 997
40, -179, 970
71, -33, 1008
98, -88, 981
98, -88, 981
26, -32, 988
69, -32, 998
5, 24, 1014
5, 24, 1014
18, 49, 950
-2, 58, 1031
-2, 58, 1031
-9, 113, 975
-62, 196, 1033
-106, 329, 1005
-101, 429, 1006
-79, 412, 1019
-79, 412, 1019
-38, 395, 1011
-61, 424, 1000
-24, 328, 1014
-4, 251, 1005
13, 193, 1007
22, 109, 990
22, 109, 990
27, 50, 980
-,-,-
119, -139, 1002
119, -139, 1002
67, -132, 1020
103, -170, 1018
95, -195, 981
93, -181, 1041
122, -221, 1004
132, -227, 981
96, -77, 1014
96, -77, 1014
102, -110, 986
81, -124, 999
42, -59, 1000
59, -63, 967
59, -63, 967
40, -11, 1013
7, 12, 1021
-9, 33, 986
-9, 33, 986
-25, 103, 948
-34, 155, 961
-52, 236, 1004
-52, 236, 1004
-73, 400, 1036
-30, 479, 994
-8, 473, 1044
25, 461, 997
25, 461, 997
29, 452, 996
-1, 377, 999
-15, 273, 1032
-13, 173, 987
-,-,-
72, -98, 1006
151, -170, 1019
141, -173, 1014
167, -239, 998
111, -229, 1015
111, -229, 1015
77, -174, 1022
128, -170, 995
79, -208, 992
36, -59, 982
33, -86, 1020
33, -86, 1020
30, -6, 968
-13, 31, 998
-24, 109, 1005
-58, 217, 996
-58, 217, 996
-78, 265, 1021
-59, 313, 1003
-86, 378, 1012
-66, 368, 1012
-15, 343, 1002
-15, 343, 1002
-48, 390, 1008
-,-,-
160, -100, 1010
105, -125, 1012
101, -127, 1011
101, -127, 1011
116, -146, 1015
119, -165, 1010
134, -178, 996
164, -237, 1039
108, -261, 977
106, -162, 1001
107, -213, 1007
23, -105, 980
23, -105, 980
75, -45, 981
37, 17, 936
14, 75, 983
14, 75, 983
-37, 169, 1016
-65, 291, 988
-90, 337, 1024
-79, 430, 1020
-79, 430, 1020
-58, 439, 992
-41, 443, 1015
-43, 442, 1009
-38, 417, 976
5, 319, 1054
5, 319, 1054
-1, 233, 969
11, 133, 1009
-7, 1, 993
-7, 1, 993
-12, -114, 957
-15, -208, 999
-9, -403, 1017
-9, -403, 1017
-,-,-
86, -100, 1017
96, -136, 1001
114, -164, 1019
115, -229, 1009
165, -257, 1005
110, -232, 1018
77, -150, 997
77, -150, 997
106, -132, 1007
84, -143, 966
27, -54, 1023
29, -63, 989
29, -63, 989
-2, 10, 964
0, 43, 988
-4, 96, 977
-4, 96, 977
-34, 183, 1008
-66, 285, 1012
-93, 419, 1010
-76, 422, 990
-76, 422, 990
-33, 331, 1008
-8, 336, 1022
-20, 351, 1011
-19, 301, 992
-19, 301, 992
14, 239, 1017
4, 156, 992
-17, 78, 1024
-16, -54, 1003
-,-,-
148, -107, 1008
148, -107, 1008
77, -109, 1013
106, -150, 1009
117, -200, 1014
126, -248, 1004
156, -274, 1016
132, -263, 1004
79, -149, 998
123, -159, 1016
123, -159, 1016
50, -172, 982
52, -53, 963
33, -77, 989
24, 42, 1018
24, 42, 1018
4, 67, 973
9, 137, 971
-20, 240, 1002
-20, 240, 1002
-28, 332, 989
-35, 462, 1014
-33, 505, 1024
16, 490, 1001
-15, 479, 1014
-15, 479, 1014
5, 361, 995
25, 262, 1003
20, 187, 973
1, 78, 1032
1, 78, 1032
-29, 8, 979
-38, -110, 964
-38, -110, 964
-,-,-
275, -226, 1002
210, -228, 1018
174, -192, 1024
177, -252, 995
123, -180, 1008
126, -170, 994
130, -179, 1011
35, -140, 996
35, -140, 996
63, -116, 987
15, -133, 1012
11, -65, 969
-23, -10, 984
-23, -10, 984
-34, 126, 1019
-73, 276, 909
-100, 450, 997
-88, 564, 978
-55, 477, 1006
-55, 477, 1006
-24, 426, 1005
-41, 384, 1025
-24, 331, 1004
-1, 277, 999
9, 221, 975
9, 221, 975
6, 93, 1015
-,-,-
141, -166, 1013
165, -221, 1009
152, -223, 1001
154, -257, 1008
142, -231, 995
104, -186, 929
97, -144, 1019
63, -148, 976
63, -148, 976
38, -33, 999
22, -5, 1006
-3, 41, 947
-3, 41, 947
-24, 80, 1021
-35, 225, 1002
-64, 348, 999
-64, 348, 999
-86, 395, 1006
-56, 432, 999
-15, 412, 1020
-11, 421, 1011
11, 388, 1010
11, 388, 1010
16, 345, 997
-6, 277, 976
-23, 144, 986
-24, 48, 1014
-24, 48, 1014
-33, -34, 966
-,-,-
171, -198, 1024
187, -222, 983
159, -231, 1006
148, -203, 1002
160, -206, 1031
127, -240, 972
103, -130, 1014
101, -155, 994
101, -155, 994
21, -118, 1009
48, -40, 1006
5, 20, 982
0, 78, 980
0, 78, 980
-2, 110, 995
-56, 205, 949
-56, 205, 949
-94, 284, 1038
-80, 406, 963
-98, 485, 1031
-39, 413, 1004
-21, 453, 1019
-21, 453, 1019
-,-,-
166, -157, 986
166, -157, 986
134, -179, 1021
135, -184, 998
143, -171, 1010
164, -177, 1024
102, -154, 988
56, -109, 1020
111, -188, 961
111, -188, 961
29, -166, 991
27, -17, 979
4, -13, 990
4, -13, 990
-22, 96, 998
-57, 123, 961
-87, 225, 1012
-112, 351, 990
-112, 351, 990
-118, 464, 1003
-58, 424, 1008
-,-,-
182, -153, 1003
134, -185, 1016
134, -185, 1016
140, -188, 1003
141, -165, 1006
154, -213, 989
158, -237, 1032
119, -128, 1007
105, -105, 982
107, -143, 962
20, -19, 958
20, -19, 958
28, -53, 983
-6, 20, 987
-6, 20, 987
-43, 85, 996
-63, 129, 993
-72, 161, 995
-72, 161, 980
-81, 225, 980
-87, 369, 1008
-82, 409, 1023
-34, 408, 1004
-29, 460, 995
-29, 460, 995
-33, 430, 1011
-24, 333, 1007
-20, 192, 1004
-27, 103, 944
-28, -9, 1001
-28, -9, 1001
-18, -96, 954
-1, -202, 1034
9, -333, 977
10, -425, 1026
10, -425, 1026
-,-,-
109, -139, 1009
191, -205, 1005
114, -179, 1020
116, -165, 989
153, -205, 1016
115, -170, 1009
115, -170, 1009
62, -63, 1024
82, -138, 948
60, -118, 1016
30, -42, 995
29, -71, 991
29, -71, 991
-9, 36, 972
-17, 95, 1007
-30, 97, 998
-30, 97, 998
-41, 110, 992
-85, 180, 1026
-81, 271, 993
-81, 271, 993
-111, 404, 1014
-61, 406, 1011
-25, 381, 1020
-46, 375, 987
-23, 304, 1028
-8, 227, 978
-8, 227, 978
11, 178, 1024
-2, 148, 976
-3, 70, 1015
-3, 70, 1015
2, -62, 985
22, -168, 1040
19, -341, 983
19, -341, 983
23, -411, 978
6, -435, 1020
29, -441, 1004
0, -277, 1004
-,-,-
129, -89, 1020
152, -135, 997
124, -157, 1014
135, -183, 992
156, -225, 1016
144, -226, 1016
144, -226, 1016
137, -233, 993
92, -133, 1035
67, -136, 998
68, -103, 963
46, -67, 978
46, -67, 978
24, -24, 959
-10, 3, 973
-37, 74, 1027
-37, 74, 1027
-36, 107, 989
-62, 144, 994
-81, 279, 1006
-92, 376, 1010
-83, 420, 1005
-83, 420, 1005
-21, 372, 996
-19, 380, 1009
-30, 370, 1018
-13, 313, 985
10, 227, 1011
10, 227, 1011
4, 112, 1020
-12, 49, 991
-11, -28, 954
-11, -28, 954
-3, -138, 1036
2, -217, 975
3, -303, 1018
-3, -350, 992
-3, -350, 992
0, -371, 1018
-2, -426, 1007
-,-,-
110, -136, 1009
113, -169, 1016
141, -214, 995
112, -195, 1015
140, -192, 1011
88, -140, 1025
99, -129, 1000
99, -129, 1000
83, -119, 988
74, -78, 950
47, -48, 979
40, -45, 1001
40, -45, 1001
8, -10, 1002
-27, 25, 986
-42, 91, 998
-42, 91, 998
-68, 118, 968
-60, 175, 1018
-73, 258, 1009
-87, 318, 1026
-87, 318, 1026
-71, 319, 1003
-27, 272, 1007
-10, 330, 1007
0, 353, 1011
10, 331, 1009
10, 331, 1009
11, 290, 1005
12, 221, 1027
-5, 81, 966
19, -40, 1016
19, -40, 1016
18, -149, 1004
-,-,-
116, -127, 1026
128, -157, 1011
131, -185, 1007
139, -220, 1007
119, -215, 1009
120, -173, 989
67, -164, 991
67, -164, 991
87, -132, 993
18, -106, 1016
31, -90, 983
18, -43, 1001
18, -43, 1001
9, 12, 901
-17, 119, 1052
-31, 193, 998
-49, 234, 1006
-49, 234, 1006
-35, 236, 958
-45, 292, 1030
-19, 291, 992
-34, 319, 1033
-42, 359, 1004
-42, 359, 1004
-38, 351, 992
-32, 327, 1007
-15, 247, 1007
-2, 99, 1003
1, -22, 1005
1, -22, 1005
6, -131, 1023
0, -189, 1000
-15, -236, 1009
-3, -253, 1005
-3, -253, 1005
-,-,-
104, -86, 1015
158, -142, 1010
154, -188, 1010
140, -205, 997
140, -205, 997
131, -230, 1015
123, -252, 1019
152, -267, 997
83, -229, 979
78, -158, 937
55, -153, 940
55, -153, 940
16, -38, 965
29, -54, 983
25, 45, 986
25, 45, 986
-5, 121, 991
-16, 225, 955
-76, 309, 1031
-76, 309, 1031
-74, 399, 971
-75, 436, 1021
-47, 379, 1018
11, 336, 1001
-16, 377, 988
-16, 377, 988
5, 339, 1032
4, 259, 991
27, 177, 1014
10, 89, 958
10, 89, 958
-20, 48, 982
-29, -24, 975
-29, -24, 975
-24, -122, 1009
-14, -230, 992
-11, -323, 1010
-,-,-
138, -94, 1008
136, -205, 1019
136, -205, 1019
124, -194, 1004
109, -161, 1008
103, -153, 1010
101, -187, 1028
104, -201, 1005
130, -196, 984
83, -85, 971
73, -55, 975
73, -55, 975
49, -28, 1011
15, -8, 969
29, -8, 981
29, -64, 981
-8, -31, 1052
-20, 39, 969
-20, 39, 969
-54, 124, 996
-73, 216, 999
-81, 304, 1007
-80, 363, 987
-80, 363, 1023
-57, 356, 1023
10, 308, 1020
21, 358, 1023
13, 341, 978
14, 316, 978
14, 316, 978
21, 284, 996
-1, 216, 1017
-6, 131, 995
-6, 131, 995
-35, 11, 983
-5, -98, 998
-20, -266, 1001
-,-,-
41, -82, 1004
159, -187, 1022
120, -196, 1017
123, -212, 1007
126, -242, 985
126, -242, 985
146, -238, 1022
111, -209, 942
70, -64, 992
108, -107, 965
20, -97, 987
20, -97, 987
29, -12, 988
20, -59, 994
10, 22, 939
10, 22, 939
-14, 48, 995
-59, 132, 998
-77, 204, 1028
-77, 204, 1028
-82, 267, 1011
-110, 401, 989
-83, 412, 1010
-3, 331, 1011
2, 360, 1001
2, 360, 1001
14, 301, 1004
20, 252, 1021
37, 226, 1009
21, 197, 1013
21, 197, 1013
18, 239, 999
11, 198, 1005
25, 31, 975
25, 31, 975
41, -68, 1004
-,-,-
41, -60, 1006
132, -124, 1011
98, -111, 1015
98, -111, 1015
96, -112, 1010
121, -142, 1012
125, -196, 1000
131, -213, 1015
142, -187, 1025
170, -206, 999
96, -197, 980
96, -197, 980
87, -133, 1014
82, -169, 936
37, -99, 988
54, -61, 1005
54, -61, 1005
2, -11, 953
-23, 59, 986
-29, 152, 963
-29, 152, 963
-79, 192, 1029
-89, 322, 986
-122, 432, 1016
-98, 452, 1005
-23, 333, 1005
-20, 335, 1014
-20, 335, 1014
-9, 322, 1024
26, 290, 978
6, 198, 1020
25, 141, 984
25, 141, 984
21, 80, 991
17, -17, 1038
20, -113, 982
20, -113, 982
-,-,-
165, -130, 1005
130, -158, 1022
143, -181, 1012
143, -181, 1012
154, -219, 1000
146, -268, 1004
115, -215, 1016
84, -170, 995
124, -218, 985
29, -108, 918
65, -59, 994
65, -59, 994
22, -28, 989
15, 37, 990
-3, 65, 987
-3, 65, 987
-46, 123, 1005
-52, 156, 991
-60, 229, 1023
-60, 229, 1023
-70, 352, 1016
-80, 421, 1000
-7, 413, 993
-51, 442, 1015
-39, 401, 1001
-39, 401, 1001
-23, 266, 1039
-4, 227, 998
-2, 132, 984
-15, 27, 1001
-15, 27, 1001
-26, -68, 1007
-22, -195, 997
-,-,-
65, -167, 993
95, -92, 1028
55, -95, 1006
55, -95, 1006
43, -125, 984
92, -164, 1035
68, -114, 991
51, -76, 1031
51, -76, 1031
66, -71, 985
39, -18, 997
49, -37, 1019
49, -37, 942
17, -15, 942
-4, 22, 1037
-14, 11, 971
-14, 11, 971
-28, 32, 985
-47, 83, 984
-58, 113, 992
-64, 161, 1029
-64, 161, 1029
-75, 315, 1006
-65, 338, 995
-31, 295, 1015
-12, 323, 1011
-39, 334, 1003
-39, 334, 1003
-15, 309, 1024
-1, 253, 978
24, 218, 1015
4, 121, 1008
-,-,-
150, -143, 1010
194, -193, 1022
155, -183, 1005
144, -176, 1002
113, -163, 1005
113, -163, 1005
110, -134, 1008
67, -154, 994
43, -86, 962
37, -100, 1017
26, -67, 971
26, -67, 971
17, -53, 984
-1, -5, 992
-46, 60, 971
-46, 60, 971
-70, 153, 1039
-76, 208, 990
-77, 338, 997
-62, 396, 1015
-62, 396, 1015
-55, 415, 1020
-4, 382, 1018
28, 385, 992
11, 379, 1008
11, 379, 1008
-,-,-
157, -76, 1013
171, -133, 1004
139, -161, 1006
158, -199, 1027
154, -227, 1013
136, -203, 985
87, -190, 999
170, -217, 1014
170, -217, 1014
102, -234, 965
61, -120, 1000
56, -158, 999
20, -25, 972
10, 25, 993
10, 25, 993
-9, 128, 961
-68, 234, 997
-87, 354, 1012
-87, 354, 1012
-89, 439, 1031
-58, 449, 1004
-23, 396, 1014
-58, 373, 1011
-59, 344, 1004
-39, 307, 973
-39, 307, 973
-45, 206, 1019
-46, 100, 1032
-40, 20, 983
-31, -95, 1020
-,-,-
95, -155, 1009
134, -212, 1021
86, -252, 994
86, -164, 1021
108, -149, 1000
127, -143, 950
72, -107, 958
72, -107, 958
64, -42, 979
42, -58, 1010
28, -5, 962
28, -5, 962
20, 31, 988
-7, 104, 997
-7, 104, 997
-7, 132, 950
-37, 144, 1023
-79, 232, 996
-114, 378, 1013
-108, 370, 1003
-108, 370, 1003
-34, 307, 1016
-39, 345, 991
-36, 339, 1029
-19, 287, 1010
-12, 243, 998
0, 138, 1005
0, 138, 1005
5, 83, 1011
17, -16, 978
17, -16, 978
19, -132, 1013
-2, -216, 1013
0, -280, 991
-2, -390, 989
-,-,-
82, -136, 1019
151, -218, 996
109, -190, 1010
124, -201, 1011
124, -201, 1011
169, -224, 1011
104, -175, 1041
94, -73, 961
120, -119, 973
45, -148, 1007
47, -70, 1002
47, -70, 1002
35, -59, 988
27, 41, 973
14, 75, 983
14, 75, 983
6, 136, 979
-43, 188, 987
-70, 210, 1000
-70, 210, 1000
-66, 307, 1022
-67, 378, 1001
-75, 378, 1023
-40, 372, 998
-46, 376, 1014
-16, 338, 1025
-16, 338, 1025
-26, 198, 1013
4, 108, 969
8, 62, 987
8, 62, 987
-9, -18, 1019
-,-,-
177, -231, 1011
189, -217, 1004
166, -206, 1021
190, -233, 986
154, -213, 1010
73, -109, 1017
112, -145, 1003
36, -123, 907
36, -123, 907
61, -44, 981
43, -61, 983
29, -18, 955
-12, 58, 1007
-12, 58, 1007
-46, 101, 1022
-81, 171, 984
-83, 294, 991
-109, 333, 989
-109, 333, 989
-110, 363, 1024
-53, 319, 998
-40, 304, 1010
-22, 338, 1011
-25, 296, 987
-25, 296, 987
-,-,-
170, -131, 1011
137, -150, 1013
156, -157, 1003
158, -209, 1006
162, -209, 1022
148, -238, 976
100, -131, 1034
115, -92, 989
115, -92, 989
115, -154, 975
33, -65, 1002
92, -66, 972
33, -70, 987
33, -70, 987
-8, -14, 997
-26, 58, 1011
-69, 152, 983
-103, 232, 1003
-103, 232, 1003
-99, 310, 1018
-123, 414, 1002
-78, 399, 998
-30, 392, 1015
-38, 403, 1008
-33, 342, 1016
-33, 342, 1016
-3, 237, 1011
12, 145, 1026
11, 64, 947
-,-,-
130, -204, 1017
116, -230, 1003
147, -291, 987
147, -291, 987
112, -210, 1029
100, -133, 968
119, -226, 995
42, -123, 971
84, -122, 940
84, -122, 940
45, -56, 955
53, -7, 992
32, 63, 970
32, 63, 970
-23, 135, 963
-30, 197, 965
-32, 200, 1024
-22, 231, 996
-22, 231, 996
-93, 355, 1016
-68, 426, 1007
-48, 415, 1032
-19, 427, 1007
-28, 395, 994
-28, 395, 994
-12, 279, 1006
-12, 198, 1008
-14, 119, 1003
-10, 20, 994
-,-,-
166, -130, 1012
151, -178, 1021
164, -237, 1003
154, -246, 991
178, -327, 1016
142, -260, 1012
116, -144, 989
116, -144, 989
116, -195, 997
27, -71, 932
53, -89, 1026
35, -27, 989
35, -27, 989
-8, 38, 948
-26, 124, 955
-58, 186, 1004
-62, 240, 1001
-62, 240, 1001
-50, 287, 1005
-56, 356, 1021
-32, 366, 1045
9, 357, 989
7, 362, 1009
7, 362, 1009
8, 361, 986
17, 296, 1031
20, 288, 1006
20, 288, 1006
24, 239, 1010
10, 90, 946
-19, 3, 971
-19, 3, 971
-,-,-
215, -135, 1017
200, -202, 1017
141, -208, 996
159, -239, 1019
132, -253, 1000
128, -168, 991
134, -166, 1000
115, -164, 987
80, -88, 1005
80, -88, 1005
60, -132, 991
30, -40, 1001
7, -32, 975
7, -32, 975
4, 39, 998
-46, 103, 994
-72, 152, 951
-72, 152, 951
-85, 189, 1024
-51, 253, 978
-106, 431, 1014
-73, 469, 1010
-12, 399, 1014
-12, 399, 1014
-15, 396, 1010
8, 369, 1010
8, 299, 994
6, 214, 1011
-,-,-
121, -198, 963
179, -179, 1049
18, -69, 969
22, -58, 978
22, -58, 978
-7, 5, 999
1, 18, 982
1, 18, 982
12, 75, 1000
2, 101, 1004
-7, 93, 958
-7, 93, 958
-32, 52, 971
-41, 72, 1024
-41, 72, 1024
-81, 207, 985
-78, 375, 879
-76, 163, 1034
-67, 414, 1014
-51, 349, 1010
-51, 349, 1010
-27, 306, 1012
1, 279, 1001
11, 261, 996
19, 182, 1038
19, 182, 1038
7, 104, 1003
-,-,-
153, -194, 1018
137, -214, 969
115, -142, 1026
130, -179, 1014
154, -179, 979
65, -140, 969
65, -140, 969
60, -80, 1003
33, -87, 1015
12, -45, 1006
2, -45, 1004
2, -45, 1004
1, 7, 956
-20, 74, 1037
-22, 130, 957
-22, 130, 957
-79, 203, 1030
-81, 252, 1007
-65, 274, 982
-78, 353, 1014
-42, 298, 1008
-42, 298, 1008
1, 308, 1017
4, 345, 1018
1, 358, 995
-,-,-
164, -187, 1000
164, -187, 1000
162, -234, 1020
151, -270, 1012
120, -220, 1015
108, -156, 977
126, -186, 1025
65, -122, 988
62, -37, 973
62, -37, 973
49, -88, 1030
32, -13, 968
10, 18, 994
10, 18, 994
18, 57, 995
-25, 100, 1014
-51, 127, 1037
-65, 135, 949
-65, 135, 949
-44, 173, 984
-29, 257, 1024
-69, 346, 991
-45, 391, 1018
-45, 391, 1018
20, 351, 999
20, 380, 1015
-,-,-
131, -156, 989
209, -256, 1034
144, -263, 1011
122, -231, 999
83, -150, 1003
83, -150, 1003
124, -159, 996
79, -164, 1022
57, -40, 1007
57, -81, 941
46, -58, 1000
46, -58, 1000
45, -35, 976
34, -39, 968
-29, 54, 1017
-29, 54, 1017
-49, 111, 956
-65, 220, 1007
-74, 348, 1024
-55, 403, 998
-53, 375, 1018
-53, 375, 1018
-23, 382, 1013
-20, 404, 1007
3, 405, 1011
-11, 310, 986
3, 263, 1013
3, 263, 1013
-,-,-
182, -206, 995
147, -252, 1019
147, -252, 1019
157, -269, 1017
141, -218, 993
116, -196, 1002
87, -190, 1027
45, -71, 938
26, -53, 984
26, -53, 984
15, 16, 960
-3, 49, 985
-3, 49, 985
7, 79, 956
-37, 109, 1039
-28, 119, 977
-28, 119, 977
-48, 113, 991
-42, 183, 973
-83, 259, 1016
-77, 356, 1017
-43, 326, 1000
-,-,-
86, -127, 991
143, -173, 1026
108, -151, 1002
97, -141, 999
97, -141, 999
99, -146, 1001
58, -112, 1012
74, -92, 1009
35, -73, 994
26, -43, 933
26, -43, 933
3, -16, 964
2, 53, 1003
2, 53, 1003
-30, 93, 1020
-38, 138, 1015
-58, 132, 991
-78, 192, 1019
-78, 192, 1019
-94, 277, 978
-85, 320, 1011
-42, 293, 1008
-21, 298, 1017
-17, 288, 995
-17, 288, 995
-22, 220, 1016
-4, 201, 1000
16, 217, 975
15, 147, 996
15, 147, 996
16, 45, 1019
6, -45, 976
20, -154, 1006
20, -154, 1006
-3, -242, 1009
-,-,-
145, -178, 1011
145, -178, 1011
110, -187, 1011
102, -174, 1007
146, -185, 1010
116, -209, 978
91, -212, 1010
73, -122, 973
75, -152, 1005
75, -152, 1005
40, -53, 958
18, -34, 1004
20, 34, 977
-3, 93, 997
-3, 93, 997
-26, 178, 1036
-32, 189, 972
-40, 228, 1030
-40, 228, 1030
-75, 274, 1006
-62, 379, 1030
-42, 350, 996
5, 304, 1001
-6, 312, 1004
-6, 312, 1004
13, 327, 989
-3, 240, 1032
19, 204, 1019
17, 164, 1019
17, 164, 1019
21, 103, 965
-11, -10, 946
0, -130, 1010
-,-,-
144, -105, 1006
144, -105, 1006
136, -145, 1015
155, -208, 994
131, -194, 1022
119, -193, 1023
118, -185, 1010
140, -190, 994
83, -165, 1000
87, -100, 1001
87, -100, 1001
41, -101, 998
25, -58, 972
14, -52, 990
12, 47, 1014
12, 47, 1014
-6, 119, 1002
-26, 186, 1002
-61, 237, 940
-61, 237, 940
-81, 344, 1050
-73, 427, 997
-26, 446, 1017
-54, 471, 1001
-56, 423, 1026
-36, 262, 973
-36, 262, 973
-20, 191, 1014
-31, 82, 988
-45, -30, 997
-,-,-
108, -191, 1036
147, -183, 1004
139, -173, 1006
131, -181, 1017
129, -175, 997
123, -145, 984
123, -145, 1006
71, -101, 1006
91, -66, 958
51, -81, 977
39, -63, 987
21, -58, 970
21, -58, 970
27, 20, 941
-41, 133, 1025
-82, 244, 940
-82, 244, 940
-85, 394, 987
-101, 508, 1046
-66, 541, 983
-26, 518, 998
-26, 518, 998
-15, 435, 1023
17, 368, 1009
9, 263, 1024
0, 163, 985
0, 163, 985
-13, 60, 1031
-34, -17, 977
-,-,-
174, -163, 1011
174, -163, 1011
154, -228, 1010
177, -301, 994
155, -265, 1016
162, -269, 995
162, -206, 989
73, -184, 970
73, -184, 970
80, -135, 975
35, -107, 991
24, -46, 971
20, 8, 962
20, 8, 962
-18, 82, 998
-59, 128, 974
-59, 128, 974
-40, 140, 984
-219, 445, 1013
50, 194, 659
-16, 154, 980
-28, 548, 1027
-28, 548, 1027
-47, 507, 1008
-53, 317, 1002
-12, 284, 1012
0, 208, 1023
4, 111, 994
4, 111, 994
8, 105, 1001
-9, 42, 996
-,-,-
173, -160, 1009
173, -160, 1009
140, -189, 1014
169, -241, 1001
124, -236, 1012
120, -228, 1019
120, -227, 991
77, -174, 994
62, -40, 951
62, -40, 951
52, -56, 947
18, 10, 1005
-14, 17, 984
-14, 17, 984
2, 66, 930
-28, 102, 1032
-28, 163, 1006
-28, 163, 1006
-50, 200, 994
-44, 295, 1006
-30, 363, 995
-48, 417, 1025
-15, 424, 1015
-15, 424, 1015
-12, 447, 1000
-10, 410, 1000
-20, 318, 1006
-16, 311, 1015
0, 152, 953
0, 152, 953
-26, 6, 1010
-4, -148, 1000
11, -318, 981
-13, -430, 989
-,-,-
77, -194, 985
132, -179, 1004
78, -218, 1000
0, -69, 1010
21, -42, 971
21, -42, 971
5, -10, 985
25, 17, 1018
34, -26, 998
34, -26, 998
26, 0, 1001
3, 17, 1025
3, 49, 1002
3, 49, 1002
-19, 104, 988
4, 130, 986
4, 130, 986
-42, 208, 1012
-47, 346, 1000
-79, 348, 1025
-33, 323, 999
-33, 323, 999
-13, 334, 1026
-33, 341, 1024
-42, 254, 974
-19, 191, 1046
7, 140, 959
7, 140, 959
-6, 52, 1051
-20, 39, 989
-18, -31, 1014
-18, -31, 1014
0, -121, 995
-,-,-
111, -158, 1022
101, -185, 995
64, -101, 971
64, -101, 971
66, -69, 957
25, -62, 1002
15, 46, 1002
15, 46, 1002
18, 14, 944
21, 81, 1000
-4, 126, 1009
-4, 126, 1009
-31, 136, 990
-45, 141, 1005
-47, 202, 1005
-66, 316, 1002
-59, 370, 1024
-59, 370, 1024
-25, 373, 998
-8, 387, 1015
12, 358, 991
14, 236, 1033
14, 236, 1033
41, 244, 996
26, 156, 1008
21, 56, 998
12, -42, 1019
12, -42, 1019
0, -135, 991
9, -229, 1010
-21, -297, 987
-32, -332, 1044
-,-,-
203, -133, 1019
130, -158, 1011
140, -197, 1003
140, -197, 1003
141, -233, 1005
127, -262, 1014
114, -219, 1007
100, -184, 991
111, -180, 1012
67, -124, 974
71, -26, 982
71, -26, 982
26, -29, 1025
4, 49, 998
-3, 40, 963
-3, 40, 963
-4, 127, 964
-47, 177, 1018
-42, 181, 1000
-42, 181, 1000
-36, 168, 999
-30, 227, 1022
-24, 307, 1015
-13, 411, 1012
-1, 432, 1002
-1, 432, 1002
-15, 395, 1019
0, 367, 1005
-18, 303, 965
-19, 167, 1012
-30, 70, 1032
-30, 70, 1032
-29, -65, 976
-,-,-
138, -188, 1022
196, -247, 996
174, -331, 1004
144, -308, 1002
114, -221, 1007
135, -236, 1013
59, -108, 939
59, -108, 939
68, -5, 1015
19, -23, 1018
-1, 14, 989
-1, 14, 989
-13, 39, 976
-3, 87, 1027
-24, 108, 952
-24, 108, 952
-40, 179, 1023
-25, 260, 981
-30, 347, 982
-33, 422, 1043
-27, 431, 999
-27, 431, 999
2, 419, 1003
-6, 380, 1025
-16, 302, 1013
-14, 260, 971
-14, 260, 971
-25, 137, 985
-29, 37, 967
-42, -88, 976
-,-,-
119, -147, 1002
179, -250, 1008
178, -296, 1012
128, -276, 1008
124, -187, 1011
116, -140, 995
116, -140, 995
79, -111, 1001
49, -74, 935
48, -96, 969
43, -63, 1024
43, -63, 1024
28, -64, 990
23, 5, 1017
-15, 62, 962
-15, 62, 962
-42, 102, 1016
-62, 167, 1015
-24, 234, 1007
-68, 424, 1015
-61, 499, 1011
-61, 499, 1011
-33, 420, 1011
-4, 408, 1004
-9, 367, 1017
28, 357, 988
40, 283, 1022
40, 283, 1022
36, 151, 1020
36, 48, 988
24, -46, 1013
24, -46, 1013
-20, -161, 1002
-,-,-
139, -83, 1013
123, -180, 1003
134, -213, 1005
135, -205, 1031
125, -216, 1007
138, -173, 1010
120, -160, 985
146, -157, 1007
146, -157, 1007
98, -149, 1006
88, -154, 1013
50, -145, 937
30, -85, 1014
14, -66, 989
14, -66, 989
12, 34, 919
-27, 158, 977
-76, 198, 984
-76, 198, 984
-66, 251, 1005
-103, 392, 981
-68, 436, 1014
-61, 383, 1017
-7, 368, 1012
-7, 368, 1012
-12, 362, 996
13, 340, 1005
19, 339, 998
24, 193, 1049
24, 193, 1049
15, 152, 993
27, 44, 946
-3, -87, 1006
-3, -87, 1006
11, -227, 1014
-,-,-
103, -159, 1032
205, -236, 992
161, -234, 1019
168, -269, 995
114, -265, 1011
143, -204, 1002
143, -204, 1002
126, -176, 1022
51, -102, 994
93, -51, 955
49, -18, 972
37, 25, 999
37, 25, 999
19, 41, 1015
-4, 108, 909
-4, 108, 909
-19, 193, 1039
-43, 249, 974
-41, 338, 995
-44, 385, 976
-44, 385, 976
-85, 416, 1036
-32, 368, 994
-22, 328, 1022
-17, 286, 1005
-1, 236, 1002
-1, 236, 1002
18, 191, 1012
-18, 82, 1023
-23, 26, 948
-41, -31, 1001
-41, -31, 1001
-65, -107, 1006
-60, -187, 1003
-38, -312, 1017
-,-,-
120, -158, 1021
140, -217, 1001
154, -280, 1011
163, -315, 991
111, -242, 1048
145, -234, 988
109, -202, 992
66, -71, 908
66, -71, 908
75, -92, 934
67, -19, 1003
42, 34, 931
42, 34, 931
45, 116, 960
-22, 195, 998
-46, 183, 1024
-46, 183, 1024
2, 204, 987
-69, 214, 1014
-31, 251, 994
-45, 302, 1019
-42, 346, 1016
-42, 346, 1016
-25, 360, 1019
-10, 360, 1010
-13, 388, 999
-25, 298, 1003
-12, 259, 1003
-12, 259, 1003
-12, 155, 998
-3, 39, 1004
-,-,-
139, -183, 1020
165, -233, 998
125, -206, 1011
120, -190, 1011
143, -194, 982
129, -148, 1030
129, -148, 1030
103, -172, 1000
91, -111, 982
73, -147, 1017
64, -80, 1010
45, -42, 975
34, 40, 960
34, 40, 960
-34, 96, 1005
-80, 128, 963
-80, 128, 963
-74, 189, 1008
-56, 299, 1013
-106, 431, 1005
-80, 430, 1009
-16, 391, 1020
-22, 413, 992
-22, 413, 992
-24, 321, 997
3, 258, 1041
0, 199, 998
0, 199, 998
0, 125, 1000
0, 55, 1007
-12, -51, 980
-,-,-
166, -163, 1023
194, -215, 988
174, -248, 1016
167, -301, 1028
139, -266, 967
112, -205, 1043
112, -205, 975
130, -210, 975
83, -140, 1009
94, -92, 1012
75, -89, 965
43, -27, 968
43, -27, 968
37, 65, 922
1, 164, 984
1, 164, 980
-20, 237, 980
-47, 300, 993
-59, 389, 992
-84, 501, 1027
-84, 501, 1027
-27, 438, 1011
-17, 407, 974
-10, 371, 1042
0, 336, 973
-6, 266, 1007
-6, 266, 1007
-3, 96, 1013
-19, 32, 996
-23, -21, 1011
-23, -21, 1011
-21, -143, 991
-,-,-
55, -91, 1011
216, -205, 1009
156, -219, 998
149, -256, 1011
149, -256, 1011
150, -274, 1025
111, -217, 981
116, -173, 1020
112, -216, 1007
103, -134, 986
93, -70, 971
67, -83, 997
67, -83, 997
42, -14, 1010
24, 56, 977
24, 145, 977
24, 145, 977
-16, 245, 1005
-43, 316, 1003
-4, 342, 987
-60, 396, 1026
-60, 396, 1026
-41, 424, 1009
-19, 393, 1006
-18, 366, 1022
-5, 278, 1006
-10, 190, 964
-10, 190, 964
-14, 67, 932
-27, 15, 1004
-38, -44, 996
-44, -118, 1006
-44, -118, 1006
-34, -195, 971
-,-,-
153, -221, 1008
126, -246, 1023
99, -210, 991
99, -210, 991
134, -203, 1006
94, -225, 1000
50, -60, 963
76, -101, 1045
63, -24, 971
63, -24, 971
33, 17, 988
29, 22, 959
29, 22, 959
13, 69, 989
-9, 99, 986
-14, 138, 1015
-14, 138, 1015
1, 172, 1006
-78, 293, 1010
-38, 362, 972
-93, 440, 1025
-93, 440, 1009
-25, 407, 1009
-1, 414, 1019
8, 449, 1003
-1, 320, 1015
-8, 246, 972
-8, 246, 972
-,-,-
131, -206, 997
130, -181, 1000
113, -109, 990
141, -175, 1016
29, -116, 981
47, -36, 956
47, -36, 956
71, -89, 1005
40, -5, 1031
28, 0, 959
28, 0, 959
-13, 74, 938
-52, 114, 1034
-62, 154, 965
-62, 154, 965
-62, 222, 1002
-43, 297, 1030
-95, 380, 1007
-56, 370, 1008
-28, 332, 1010
-28, 332, 1010
-30, 348, 1006
-41, 307, 1013
-12, 231, 1015
-12, 184, 971
-16, 66, 1016
-,-,-
103, -198, 1009
200, -294, 995
151, -302, 1008
119, -240, 992
170, -161, 1023
170, -161, 1023
146, -200, 968
83, -101, 956
78, -114, 1002
52, -29, 990
22, 54, 980
22, 54, 980
22, 139, 960
-16, 195, 982
-48, 252, 1002
-48, 252, 1002
-61, 353, 1004
-38, 430, 994
-93, 479, 1033
-68, 449, 1014
-37, 402, 1010
-37, 402, 1003
-32, 403, 1003
-8, 326, 1008
-16, 245, 979
-10, 130, 1008
-13, 5, 987
-13, 5, 987
2, -108, 1046
-,-,-
95, -173, 1011
118, -200, 1000
124, -228, 1015
134, -215, 975
127, -170, 1031
125, -168, 966
65, -139, 987
65, -139, 987
89, -119, 1004
72, -115, 982
62, -40, 1003
41, 6, 980
41, 6, 980
28, 130, 1031
-14, 249, 984
-50, 248, 998
-50, 248, 998
-36, 334, 983
-19, 326, 973
-48, 351, 1024
-86, 348, 1011
-31, 335, 991
-31, 335, 991
-37, 357, 1014
-37, 337, 1016
-25, 267, 998
-27, 183, 1000
-27, 183, 1000
-20, 35, 974
-42, -66, 1013
-28, -171, 1008
-,-,-
128, -180, 1008
185, -266, 1004
138, -276, 1006
116, -234, 1019
160, -230, 1009
160, -230, 1009
149, -251, 1007
62, -139, 945
84, -113, 958
61, -71, 984
40, -34, 934
40, -34, 934
31, 62, 981
-16, 195, 999
-52, 302, 1020
-52, 302, 1020
-42, 407, 979
-111, 460, 1038
-69, 455, 985
-43, 387, 1022
-34, 358, 1007
-10, 314, 1014
-10, 314, 1014
-2, 258, 1001
1, 207, 1008
-18, 179, 992
-15, 118, 1034
-15, 118, 1034
-,-,-
143, -164, 1038
199, -211, 980
178, -199, 1011
163, -211, 1017
161, -217, 989
123, -157, 1033
123, -157, 1033
148, -117, 967
96, -172, 998
62, -147, 953
77, -164, 994
33, -129, 990
33, -129, 990
0, -30, 986
-4, 38, 1013
-67, 141, 990
-67, 141, 990
-108, 270, 996
-100, 366, 1018
-158, 506, 1006
-121, 486, 1015
-20, 363, 994
-50, 354, 1019
-34, 313, 1019
-34, 313, 1019
-15, 263, 1005
7, 253, 1015
-1, 198, 1005
-3, 158, 974
-3, 158, 974
-,-,-
128, -164, 1026
145, -165, 1002
145, -187, 1009
145, -182, 996
155, -220, 1013
128, -176, 1007
132, -192, 993
109, -182, 1017
109, -182, 1017
85, -166, 925
58, -113, 992
40, -72, 995
25, -4, 992
25, -4, 992
13, 54, 954
-62, 141, 984
-65, 193, 989
-65, 193, 989
-44, 228, 1003
-,-,-
124, -228, 1025
124, -228, 1025
112, -238, 996
93, -168, 1026
90, -153, 994
92, -126, 1000
102, -125, 1011
81, -119, 951
81, -119, 951
64, -102, 1005
36, -46, 952
28, 46, 1029
23, 80, 1023
23, 80, 1023
-15, 160, 951
-50, 207, 1000
-50, 282, 1005
-34, 345, 1028
-34, 345, 1028
-80, 417, 1017
2, 388, 1001
-21, 396, 1003
-30, 381, 1003
-20, 277, 1025
-20, 277, 1025
-7, 148, 1013
-23, 125, 986
-38, -17, 1008
-17, -139, 980
-,-,-
182, -265, 1021
175, -316, 974
121, -249, 1030
107, -143, 1009
107, -143, 1009
94, -190, 996
63, -130, 1005
70, -102, 933
37, -83, 1045
36, -13, 932
36, -13, 932
18, 30, 998
-2, 107, 978
-30, 189, 1016
-30, 189, 1016
-41, 261, 967
-40, 337, 1030
-30, 408, 1004
-56, 452, 1006
1, 454, 1011
1, 454, 1011
-24, 433, 1003
0, 391, 1013
-7, 271, 1010
-19, 197, 972
-19, 197, 972
-6, 124, 1022
-23, 16, 1009
-26, -94, 956
-32, -210, 1009
-,-,-
137, -174, 1001
184, -238, 1010
161, -273, 1018
117, -233, 989
79, -207, 1007
79, -207, 1007
111, -216, 990
94, -187, 980
50, -90, 990
51, -101, 944
51, -101, 944
40, 11, 999
18, 50, 1005
24, 134, 985
24, 134, 985
-11, 224, 984
-26, 339, 991
-25, 364, 997
-11, 395, 991
-11, 395, 991
17, 412, 1026
-15, 416, 1006
-2, 359, 1020
-11, 328, 982
-11, 328, 982
-18, 264, 1008
-18, 144, 974
-46, 18, 1038
-61, -102, 1001
-56, -229, 1016
-60, -378, 975
-,-,-
129, -170, 1017
200, -264, 1008
179, -260, 1013
173, -272, 997
111, -218, 1015
106, -140, 980
106, -140, 980
108, -189, 994
25, -120, 1010
74, -79, 957
32, -42, 1008
20, 16, 955
20, 16, 955
-21, 81, 1008
-25, 197, 996
-61, 325, 969
-61, 325, 969
-53, 409, 1043
-44, 473, 1009
-18, 469, 1004
-5, 466, 1009
-5, 466, 1009
-37, 439, 1013
-34, 371, 992
-28, 294, 1004
-3, 191, 1027
-27, 94, 1009
-27, 94, 1009
-36, -19, 958
-,-,-
174, -250, 996
199, -333, 1017
138, -312, 1014
109, -312, 994
109, -183, 994
147, -232, 998
42, -125, 1017
48, -45, 1005
20, -2, 949
20, -2, 949
19, 67, 977
-5, 125, 1026
-5, 172, 996
-5, 172, 996
-59, 221, 1001
-47, 253, 973
-39, 334, 1017
-6, 355, 1008
-6, 355, 1008
-17, 365, 1012
-20, 403, 1003
-41, 361, 1017
-24, 317, 1002
-12, 296, 984
-12, 296, 984
-32, 171, 1022
-43, 73, 997
-56, -9, 978
-44, -138, 999
-,-,-
150, -224, 1018
229, -291, 988
153, -236, 1014
152, -210, 1009
173, -198, 1019
173, -198, 1019
33, -169, 960
53, -67, 973
25, -66, 1023
34, -46, 978
23, -46, 971
23, -20, 971
4, 33, 954
-14, 87, 1022
-14, 87, 1022
-71, 140, 1002
-46, 216, 985
-70, 410, 989
-62, 340, 940
-62, 340, 994
-12, 370, 994
-15, 462, 1023
2, 391, 996
7, 312, 1018
7, 312, 1018
-,-,-
122, -127, 1010
221, -254, 1003
172, -224, 1018
176, -226, 1009
156, -253, 995
124, -208, 1019
143, -178, 1008
137, -165, 988
137, -165, 988
51, -122, 999
94, -104, 916
44, -91, 1004
41, -14, 946
41, -14, 946
1, 59, 972
-56, 160, 996
-94, 263, 1011
-94, 263, 1011
-108, 368, 1001
-98, 466, 1009
-80, 466, 1026
-34, 436, 1013
-53, 482, 985
-18, 379, 998
-18, 379, 998
-5, 284, 1013
-9, 230, 1007
-7, 125, 987
-28, 43, 988
-28, 43, 988
4, -71, 987
0, -230, 1039
-3, -366, 994
-,-,-
188, -213, 997
188, -213, 997
170, -264, 1011
162, -279, 1001
122, -229, 994
138, -195, 1025
144, -229, 963
58, -93, 1006
81, -97, 979
81, -97, 979
55, -50, 972
39, -31, 971
10, 20, 991
10, 20, 991
-18, 109, 941
-59, 207, 957
-61, 293, 973
-61, 293, 973
-68, 401, 1006
-111, 524, 1005
-52, 439, 998
-9, 415, 1006
-7, 418, 1014
-7, 418, 1014
-12, 356, 1022
-11, 278, 937
-5, 201, 1026
-8, 107, 983
-8, 107, 983
-17, 9, 983
-11, -142, 1020
-,-,-
143, -244, 989
117, -221, 1002
120, -216, 1026
133, -249, 962
95, -248, 1003
70, -114, 1033
70, -114, 1033
63, -126, 966
40, -35, 953
19, 9, 998
24, 76, 984
24, 76, 984
-17, 173, 999
-55, 200, 970
-55, 200, 970
-37, 216, 1004
-36, 234, 981
-47, 335, 1001
-29, 363, 1008
-22, 380, 1006
-24, 418, 1041
-24, 418, 1041
2, 480, 986
3, 418, 990
10, 287, 1009
10, 287, 1009
-2, 242, 1005
12, 106, 986
-10, -45, 1006
0, -189, 976
0, -189, 976
-,-,-
193, -230, 1004
168, -248, 1011
114, -228, 986
114, -228, 986
143, -181, 1016
130, -213, 950
39, -188, 974
78, -111, 989
29, -35, 1019
29, -35, 1019
17, 39, 969
5, 120, 980
-47, 208, 988
-47, 208, 988
-81, 247, 984
-108, 331, 1018
-103, 451, 993
-112, 445, 1011
-20, 416, 1018
-46, 450, 1000
-46, 450, 1000
-39, 272, 1011
-6, 268, 1001
5, 174, 996
6, 89, 969
6, 89, 969
-17, -8, 1019
-11, -114, 987
-7, -204, 996
-7, -204, 996
-11, -236, 1017
-,-,-
217, -276, 1011
221, -323, 1000
172, -282, 999
172, -282, 999
130, -120, 994
157, -162, 993
47, -46, 966
45, -52, 978
21, -16, 898
21, -16, 898
18, -11, 1020
3, -1, 974
3, -1, 974
-78, 95, 1019
-99, 249, 968
-106, 348, 986
-185, 563, 1012
-185, 563, 1012
-132, 538, 996
-51, 456, 1005
-73, 441, 1024
-37, 361, 980
-11, 259, 1023
6, 228, 998
6, 228, 998
4, 138, 995
3, 53, 997
3, 53, 997
6, -58, 990
25, -145, 1014
-,-,-
152, -294, 1014
210, -304, 964
135, -217, 1025
131, -278, 981
51, -184, 928
51, -184, 928
71, -121, 998
32, -33, 991
19, 47, 959
19, 47, 959
-2, 173, 945
-79, 300, 990
-101, 414, 1010
-104, 508, 1017
-104, 508, 1017
-38, 480, 991
-46, 430, 1012
-51, 397, 1003
-13, 293, 1006
1, 208, 1003
1, 208, 1003
-4, 180, 1001
-5, 125, 1008
-43, 40, 987
-40, -48, 1000
-40, -48, 1000
-24, -151, 1010
-43, -257, 982
-,-,-
124, -229, 1011
171, -287, 990
53, -254, 978
64, -96, 1010
17, -80, 960
17, -80, 960
20, -12, 999
1, 40, 970
1, 40, 970
-8, 153, 981
-40, 297, 1021
-63, 306, 979
-50, 349, 1006
-50, 349, 1006
-44, 352, 1012
-47, 340, 1007
-21, 309, 1012
-17, 322, 1017
-3, 348, 989
-3, 348, 989
5, 290, 1007
-21, 231, 1015
-29, 198, 962
-16, 130, 1020
-16, 130, 1020
-30, 67, 1011
-30, -58, 962
-9, -163, 1004
-36, -273, 1011
-12, -424, 1011
-,-,-
156, -225, 1005
260, -324, 998
163, -267, 1012
134, -168, 991
145, -218, 1028
145, -218, 1028
52, -180, 963
63, -83, 1025
18, -54, 926
15, 23, 1012
15, 23, 1012
0, 72, 943
-33, 178, 977
-77, 286, 1047
-77, 286, 1047
-83, 354, 961
-85, 422, 1000
-81, 419, 998
-52, 392, 998
-53, 405, 1018
-53, 405, 1018
-34, 355, 1002
-17, 262, 973
-17, 248, 1025
-18, 168, 997
-40, 64, 982
-40, 64, 982
-1, -49, 1009
-1, -201, 994
-,-,-
279, -206, 1019
225, -300, 1000
239, -312, 1016
239, -312, 1016
176, -292, 990
182, -251, 1001
138, -214, 1023
87, -181, 972
97, -104, 975
47, -75, 970
47, -75, 970
28, -10, 956
2, 100, 1024
-47, 205, 948
-47, 205, 948
-88, 280, 1030
-95, 294, 1010
-88, 283, 989
-54, 224, 1021
-83, 200, 1003
-83, 200, 1003
-85, 217, 1003
-51, 264, 1017
-34, 362, 1016
-33, 371, 992
-27, 322, 1005
-33, 239, 1031
-,-,-
181, -291, 1002
142, -233, 1006
198, -242, 968
130, -242, 1043
97, -88, 891
47, -112, 985
47, -112, 985
11, -12, 993
21, -24, 838
-9, 55, 958
-9, 55, 958
-62, 108, 1013
-103, 227, 1000
-99, 364, 973
-161, 483, 1029
-98, 490, 984
-98, 490, 984
-43, 350, 1014
1, 370, 1000
-5, 335, 1017
25, 253, 985
25, 253, 985
10, 171, 1033
24, 114, 1017
8, 50, 977
8, 50, 977
1, 26, 1044
-23, -46, 984
-4, -141, 1029
-4, -141, 1029
0, -246, 984
-15, -338, 991
-1, -383, 1026
-13, -374, 1005
-,-,-
139, -160, 1000
136, -180, 1014
132, -235, 977
130, -233, 1016
149, -220, 956
67, -189, 996
109, -132, 968
109, -132, 968
56, -77, 969
47, 0, 983
27, 105, 979
27, 105, 979
-41, 158, 994
-49, 177, 980
-56, 190, 1009
-72, 257, 997
-72, 257, 997
-85, 388, 999
-78, 438, 1003
-68, 423, 1012
-11, 440, 1002
-18, 398, 1018
-18, 398, 1018
-20, 289, 994
7, 220, 1003
-19, 96, 996
-12, -11, 1014
-12, -11, 1014
-30, -58, 970
-25, -213, 1032
-15, -257, 980
-32, -345, 1020
-25, -397, 991
-20, -380, 1019
-,-,-
125, -169, 1027
197, -239, 996
152, -248, 1006
168, -262, 1011
159, -234, 977
159, -234, 977
107, -235, 975
79, -154, 955
48, -125, 964
42, -32, 932
42, -32, 932
40, -19, 993
-4, 81, 978
-45, 137, 1005
-50, 103, 977
-50, 103, 977
-50, 125, 973
-29, 261, 900
-93, 251, 851
-13, 120, 1025
-13, 120, 1025
-73, 324, 988
-37, 415, 1003
-44, 316, 1029
-4, 272, 981
-4, 272, 981
22, 226, 1009
11, 228, 1008
4, 173, 992
-2, 131, 1021
-2, 131, 1021
21, 88, 970
15, -30, 1023
4, -114, 1019
4, -114, 1019
-,-,-
154, -227, 1014
152, -222, 991
103, -166, 1011
126, -162, 986
116, -188, 1009
22, -78, 1009
83, -67, 957
83, -67, 957
55, -29, 998
47, 17, 988
33, 78, 992
33, 78, 992
-9, 164, 1011
-20, 197, 944
-59, 258, 1051
-59, 258, 1051
-72, 304, 1002
-74, 340, 985
-38, 360, 1036
-66, 364, 1004
-59, 315, 1003
-63, 290, 996
-63, 290, 996
-65, 268, 1006
-51, 199, 1005
-55, 159, 991
-48, 36, 977
-48, 36, 977
-17, -59, 979
1, -217, 1013
-4, -365, 1010
0, -497, 990
0, -497, 990
20, -543, 1017
-,-,-
174, -222, 1006
174, -222, 1006
166, -261, 987
122, -235, 998
121, -136, 990
132, -180, 1028
61, -102, 967
75, -71, 951
75, -71, 951
42, -44, 981
17, -3, 965
14, 66, 996
14, 66, 996
-28, 124, 968
-55, 198, 994
-68, 245, 1007
-68, 245, 1007
-52, 249, 999
-122, 354, 1026
-92, 338, 992
-83, 316, 1010
-26, 332, 1012
-26, 332, 1012
-66, 363, 1000
-32, 321, 1014
-20, 261, 1010
-6, 192, 1004
-11, 126, 976
-11, 126, 976
-11, 94, 981
4, 34, 1024
-,-,-
182, -193, 1021
182, -193, 1021
160, -251, 1013
182, -278, 1000
158, -260, 1004
154, -194, 996
179, -231, 1018
86, -161, 969
87, -35, 910
87, -35, 910
40, -90, 937
24, -35, 965
9, 0, 960
9, 0, 960
-22, 81, 977
-92, 173, 987
-92, 173, 987
-110, 256, 1014
-106, 294, 1001
-157, 413, 1014
-104, 416, 1012
-61, 335, 1015
-47, 373, 1014
-46, 380, 1008
-46, 380, 1008
-11, 329, 1017
-5, 259, 994
-8, 181, 994
1, 53, 1004
1, 53, 1004
18, -39, 982
-,-,-
172, -210, 991
189, -273, 1027
154, -283, 999
112, -219, 994
149, -183, 1025
174, -304, 950
174, -304, 950
88, -158, 1014
105, -131, 981
49, -64, 934
31, -33, 1000
25, 48, 1007
25, 48, 1007
-48, 62, 987
-71, 156, 941
-106, 233, 956
-106, 233, 956
-117, 397, 982
-121, 449, 1001
-115, 522, 1006
-64, 442, 1021
-50, 489, 1002
-45, 491, 1017
-6, 321, 1003
-6, 321, 1003
20, 222, 1014
41, 244, 1007
7, 61, 921
7, 61, 921
18, -36, 990
-,-,-
152, -242, 1012
197, -294, 993
149, -169, 972
159, -195, 998
57, -92, 989
57, -92, 989
84, -43, 997
27, 0, 992
27, 0, 992
1, 42, 949
-3, 114, 937
-3, 114, 937
-68, 194, 1001
-63, 317, 1004
-25, 353, 976
-165, 420, 1038
-60, 456, 992
-60, 456, 992
-47, 412, 1020
-62, 414, 974
-40, 345, 1018
-52, 259, 935
-47, 166, 1003
-47, 166, 1003
-58, 49, 998
-53, -98, 1016
-49, -164, 993
-41, -309, 1018
-27, -336, 1015
-,-,-
111, -147, 1017
171, -149, 957
123, -165, 948
123, -165, 948
85, -61, 991
53, -75, 976
34, -40, 996
34, -40, 996
-8, 19, 969
-14, 75, 973
-80, 206, 994
-80, 206, 994
-125, 333, 1004
-100, 344, 1003
-168, 458, 990
-94, 424, 1038
-49, 345, 993
-68, 367, 1021
-68, 367, 1021
-49, 326, 992
-33, 252, 1036
-21, 225, 1001
-8, 212, 1001
-15, 116, 966
-15, 116, 966
8, -47, 1033
0, -171, 1004
-,-,-
207, -234, 1005
169, -244, 1012
196, -252, 1000
196, -252, 1000
147, -212, 999
133, -115, 1023
134, -159, 940
57, -68, 1007
99, -76, 981
65, -52, 993
65, -52, 993
14, 45, 998
-17, 94, 982
-17, 94, 982
-59, 116, 931
-75, 190, 1012
-63, 201, 1006
-157, 310, 1029
-123, 354, 994
-123, 354, 994
-99, 373, 1002
-82, 374, 1011
-67, 402, 1026
-48, 316, 1014
-30, 274, 991
-22, 175, 982
-22, 175, 982
-30, 95, 992
-21, 20, 1036
-11, -37, 972
-11, -93, 991
-11, -93, 991
4, -188, 1012
-,-,-
176, -217, 994
180, -240, 1012
120, -233, 976
120, -233, 976
83, -137, 1027
109, -163, 965
61, -99, 951
52, -13, 999
52, -13, 999
30, -24, 980
-5, 51, 975
-24, 90, 998
-24, 90, 998
-10, 45, 1004
-52, 101, 966
-72, 169, 1014
-29, 194, 1003
-29, 194, 1003
-111, 296, 1027
-52, 354, 995
-42, 349, 1007
-36, 327, 1000
-51, 319, 1017
-34, 333, 1021
-34, 333, 1021
-39, 316, 990
-26, 227, 986
-37, 149, 1019
-31, 73, 996
-43, -61, 1003
-43, -61, 1003
-16, -107, 1026
-,-,-
120, -194, 990
239, -234, 1023
133, -204, 1007
115, -129, 935
111, -130, 988
111, -130, 988
67, -104, 1005
58, -82, 949
53, -64, 1024
19, -30, 961
19, -30, 961
-8, 25, 968
-38, 77, 1001
-80, 151, 997
-80, 151, 997
-101, 227, 1014
-101, 283, 982
-122, 424, 1020
-122, 411, 1002
-63, 396, 1009
-75, 392, 1019
-75, 392, 1019
-64, 328, 1002
-37, 241, 999
-34, 106, 991
-31, 62, 976
-18, -30, 1021
-18, -30, 1021
-28, -97, 983
-7, -161, 1027
-,-,-
134, -137, 1011
134, -137, 1011
145, -183, 999
66, -139, 994
85, -61, 998
70, -84, 932
70, -84, 932
25, 15, 999
25, 82, 1011
-28, 143, 985
-28, 143, 985
-65, 226, 1002
-78, 312, 991
-79, 327, 989
-120, 413, 991
-69, 369, 1026
-69, 369, 1026
-52, 317, 1018
-63, 339, 998
-37, 299, 1020
-45, 251, 981
-52, 149, 989
-52, 149, 989
-46, 91, 983
-40, 11, 1015
-17, -92, 969
-12, -151, 986
-12, -151, 986
-,-,-
172, -264, 1016
132, -263, 1003
82, -180, 974
155, -145, 1018
121, -213, 999
50, -116, 917
83, -112, 1011
83, -112, 1011
56, -55, 979
49, 4, 982
33, 55, 974
33, 55, 974
-10, 121, 992
-59, 207, 1009
-70, 290, 985
-70, 290, 985
-54, 346, 995
-97, 448, 1019
-56, 441, 993
-46, 393, 1004
-62, 376, 1012
-62, 376, 1012
-37, 275, 1015
-37, 188, 1002
-22, 135, 986
-22, 67, 1010
-39, -49, 1006
-39, -49, 1006
-21, -169, 1019
-33, -257, 1001
-,-,-
95, -218, 1011
149, -232, 989
162, -198, 968
153, -215, 1011
69, -174, 1013
69, -174, 1013
78, -110, 984
49, -121, 981
39, -38, 1021
43, 4, 961
43, 4, 961
19, 91, 973
-29, 136, 1000
-77, 178, 943
-77, 178, 943
-47, 280, 975
-115, 349, 1027
-66, 411, 1016
-85, 364, 1013
-38, 386, 1014
-38, 386, 1014
-53, 409, 978
-51, 315, 1005
-18, 259, 1012
-32, 162, 1003
-19, 56, 1000
-19, 56, 1000
-17, 29, 1005
-16, -92, 983
-,-,-
139, -165, 999
139, -165, 999
122, -160, 1011
111, -115, 999
120, -121, 1002
42, -129, 1023
81, -110, 980
56, -93, 971
56, -93, 971
51, -31, 998
27, 15, 1015
-9, 82, 989
-9, 82, 989
-35, 54, 1008
-24, 62, 990
-24, 62, 990
-33, 129, 936
-53, 160, 987
-52, 181, 1018
-85, 288, 1006
-50, 304, 1016
-50, 304, 1016
-46, 326, 1024
-35, 390, 993
-54, 391, 1009
-50, 317, 1020
-54, 240, 995
-54, 240, 995
-44, 160, 1012
-34, 109, 978
-,-,-
117, -148, 1017
160, -213, 1020
166, -277, 995
136, -279, 1014
128, -195, 986
145, -200, 983
68, -159, 1015
68, -159, 1015
75, -102, 1031
46, -82, 975
62, -20, 936
51, 16, 1015
51, 16, 1015
2, 81, 981
-65, 118, 947
-60, 188, 975
-60, 188, 975
-23, 266, 1006
-65, 378, 1021
-42, 420, 1001
-52, 358, 1015
-34, 348, 1012
-34, 348, 1012
-21, 353, 1015
-25, 353, 1001
-37, 325, 1002
-40, 278, 974
-36, 160, 997
-36, 160, 997
-40, 98, 1005
-45, -11, 980
-30, -146, 993
-11, -304, 1007
-14, -453, 996
-,-,-
164, -192, 992
164, -192, 992
127, -213, 1020
150, -247, 1009
183, -300, 1001
131, -226, 1022
182, -133, 994
136, -166, 997
62, -17, 942
62, -17, 942
62, -60, 1025
32, 18, 974
-1, 65, 1011
-1, 65, 1011
-26, 104, 1006
-91, 209, 926
-119, 359, 992
-113, 449, 1009
-126, 457, 1010
-126, 457, 1010
-88, 415, 1008
-84, 344, 999
-60, 332, 994
-50, 276, 1011
-33, 191, 1022
-24, 129, 978
-24, 129, 978
-24, 46, 989
-13, -34, 1025
0, -112, 999
-1, -197, 982
-1, -197, 982
-,-,-
141, -164, 1008
141, -164, 1008
125, -211, 1006
124, -205, 1006
151, -222, 1016
154, -272, 1013
107, -162, 958
153, -170, 988
104, -186, 1008
67, -39, 966
67, -39, 966
64, -57, 986
45, 32, 961
32, 53, 969
32, 53, 969
-7, 110, 952
-26, 175, 1023
-55, 288, 960
-55, 288, 960
-75, 372, 999
-51, 437, 1042
-61, 464, 971
-42, 447, 1025
-42, 447, 1025
-21, 469, 1026
-34, 356, 991
-55, 223, 966
-52, 127, 1029
-57, 29, 1002
-57, 29, 1002
-35, -106, 1030
-40, -199, 996
-44, -373, 1013
-47, -459, 1011
-26, -420, 1003
-,-,-
131, -180, 1018
99, -182, 1026
99, -182, 1026
122, -155, 1001
143, -153, 986
127, -134, 1023
92, -144, 1013
88, -81, 935
88, -81, 935
88, -92, 1029
67, -66, 930
36, -35, 1015
29, 49, 951
29, 49, 951
-22, 60, 983
-17, 105, 1036
-51, 167, 978
-51, 167, 978
-52, 228, 1015
-117, 314, 1003
-84, 397, 1027
-62, 370, 1001
-46, 392, 1011
-43, 454, 996
-43, 454, 996
-19, 320, 1023
-14, 292, 1003
3, 241, 1030
-22, 144, 982
-22, 144, 982
-32, 95, 982
-19, -42, 970
2, -146, 996
2, -146, 996
-4, -309, 938
-,-,-
131, -169, 1015
94, -181, 1001
94, -181, 1001
129, -192, 1005
126, -209, 1017
96, -130, 999
133, -102, 996
121, -168, 1033
51, -113, 989
51, -113, 989
75, -74, 1006
67, -84, 969
55, 7, 994
55, 7, 994
18, 37, 1022
-11, 97, 1005
-53, 146, 958
-53, 146, 958
-76, 284, 1041
-42, 370, 1012
-80, 451, 1000
-63, 472, 1033
-42, 424, 994
-42, 424, 994
-88, 377, 999
-58, 273, 1019
-3, 198, 1004
-9, 111, 1010
-18, 68, 993
-18, 68, 993
-28, -19, 985
-5, -91, 1027
-8, -166, 1000
-8, -166, 1000
-10, -234, 981
17, -287, 1026
6, -342, 996
-,-,-
117, -152, 1003
130, -182, 1001
172, -275, 1021
162, -338, 1011
129, -226, 975
130, -112, 994
96, -137, 979
96, -137, 979
44, -23, 982
59, -8, 986
37, 97, 991
37, 97, 991
9, 108, 1019
-10, 124, 971
-27, 125, 1001
-27, 125, 1001
-48, 183, 1011
-45, 250, 995
-47, 338, 1010
-16, 420, 1002
-30, 452, 1029
-30, 452, 1029
-19, 451, 988
-41, 387, 997
-60, 266, 1033
-30, 167, 1010
-59, 78, 1001
-59, 78, 1001
-52, -10, 997
-48, -137, 985
-40, -257, 1011
-46, -360, 1008
-60, -482, 1003
-,-,-
148, -193, 996
148, -193, 996
125, -220, 1033
137, -219, 998
151, -259, 1022
100, -208, 1002
96, -138, 967
94, -187, 1018
94, -187, 1018
28, -68, 973
33, -52, 964
8, 37, 1037
8, 37, 1037
-20, 106, 945
-30, 152, 991
-25, 180, 992
-30, 232, 1001
-30, 232, 1001
-56, 291, 1006
-40, 315, 1006
-9, 308, 1003
6, 312, 1000
3, 369, 1012
3, 369, 1012
-16, 404, 996
-28, 279, 1003
-29, 255, 1008
-36, 195, 1001
-36, 195, 1001
-29, 131, 943
-33, 11, 1008
-43, -108, 995
-30, -255, 1024
-22, -380, 986
-22, -380, 986
-4, -459, 1025
-,-,-
147, -243, 987
139, -217, 1012
139, -217, 1012
128, -125, 989
62, -94, 992
57, -97, 1017
25, -47, 939
59, -73, 971
59, -73, 971
35, -38, 994
17, 18, 964
17, 18, 964
33, 70, 987
-13, 110, 998
-8, 83, 1013
-8, 83, 1013
-32, 108, 992
-43, 120, 993
-11, 157, 1034
-48, 253, 1008
-48, 253, 1008
-37, 332, 983
-48, 366, 1016
-8, 380, 996
-34, 383, 1028
0, 399, 1002
0, 399, 1002
18, 278, 1006
12, 118, 1002
5, 66, 1005
5, 66, 1005
-,-,-
83, -140, 1036
171, -215, 1003
142, -242, 986
155, -254, 1029
155, -254, 1029
147, -203, 983
134, -179, 1013
51, -150, 998
60, -66, 980
34, -60, 974
34, -60, 974
32, -2, 985
33, 7, 1006
8, 95, 974
8, 95, 974
-28, 90, 986
-37, 139, 990
-37, 139, 990
-19, 199, 1022
-62, 283, 996
-36, 360, 995
-57, 396, 1012
-31, 416, 1003
-31, 416, 1003
-28, 408, 1024
-23, 394, 980
-8, 337, 1011
-9, 283, 1000
-9, 283, 1000
-24, 144, 991
-3, 80, 904
-25, -80, 1032
-,-,-
79, -140, 1015
175, -182, 1001
142, -196, 1000
139, -196, 1000
143, -190, 1028
143, -190, 1028
110, -166, 988
122, -160, 984
47, -75, 968
93, -98, 937
49, -57, 982
49, -57, 982
39, -30, 971
20, 0, 988
20, 0, 988
6, 42, 929
-20, 121, 967
-67, 237, 1005
-67, 237, 1005
-78, 335, 992
-92, 387, 1015
-117, 424, 997
-63, 355, 1012
-59, 325, 1013
-59, 325, 1013
-61, 312, 1036
-54, 239, 1003
-30, 181, 981
-14, 191, 1030
-17, 139, 989
-17, 139, 989
-10, 68, 1023
16, -35, 975
25, -160, 1011
-14, -245, 960
-13, -422, 1019
-13, -422, 1019
0, -516, 1014
5, -465, 1002
-,-,-
71, -132, 997
167, -234, 996
152, -210, 1031
139, -203, 1004
159, -205, 1018
159, -205, 1018
125, -181, 980
88, -90, 977
89, -93, 1021
86, -64, 874
54, -62, 1005
54, -62, 1005
32, 6, 977
2, 44, 963
2, 44, 963
-4, 45, 951
-32, 55, 1005
-42, 55, 1006
-42, 55, 1006
-75, 203, 1024
-96, 285, 558
-40, 121, 1010
-36, 393, 989
-36, 393, 989
-47, 407, 1011
-45, 301, 1032
-11, 258, 997
-18, 169, 976
-8, 116, 1020
-8, 116, 1020
-7, 168, 988
-30, 83, 1025
-25, 36, 988
-25, 36, 988
-16, -21, 1013
-25, -137, 1025
-2, -193, 995
-6, -287, 984
-9, -330, 1014
-9, -330, 1014
11, -330, 1016
-,-,-
110, -79, 1010
110, -79, 1010
128, -143, 1014
141, -184, 1009
163, -222, 1003
157, -218, 1009
176, -243, 1009
151, -219, 997
147, -217, 997
86, -208, 978
86, -208, 978
87, -141, 978
63, -90, 1013
48, 34, 1002
-9, 121, 980
-9, 121, 980
-37, 209, 945
-48, 244, 996
-32, 281, 1017
-32, 281, 1017
-56, 342, 981
-52, 372, 1014
-44, 344, 1004
7, 343, 1027
-10, 407, 995
-10, 407, 995
-10, 407, 974
-30, 326, 1018
-34, 261, 998
-25, 224, 980
-25, 224, 980
-37, 89, 1002
-31, -84, 968
-21, -256, 1021
-37, -453, 1004
-27, -606, 1002
-,-,-
160, -181, 997
156, -228, 994
156, -228, 994
152, -211, 1041
150, -245, 977
117, -193, 1008
143, -183, 998
76, -107, 988
128, -94, 1010
128, -94, 1010
90, -61, 958
65, -17, 997
57, 71, 991
57, 71, 991
-13, 113, 1023
-47, 167, 977
-77, 255, 960
-60, 311, 1026
-60, 311, 1010
-130, 409, 1010
-91, 443, 981
-98, 410, 1023
-77, 398, 991
-68, 344, 1013
-62, 300, 1020
-62, 300, 1020
-65, 213, 944
-66, 60, 1021
-54, 66, 976
-41, -75, 1029
-41, -75, 1029
-25, -156, 993
-15, -265, 995
0, -378, 1033
12, -373, 999
-,-,-
134, -120, 1019
132, -186, 1001
132, -186, 1001
146, -217, 1002
157, -235, 1022
182, -244, 1004
192, -277, 1005
140, -210, 996
120, -94, 988
114, -151, 985
114, -151, 985
41, -47, 955
68, -73, 1004
48, -51, 975
20, 4, 974
20, 4, 974
4, 62, 1014
-7, 159, 943
-7, 159, 943
-24, 280, 1001
-59, 419, 1029
-76, 497, 1008
-89, 533, 1015
-73, 487, 988
-73, 487, 988
-57, 423, 1024
-28, 320, 1002
-12, 197, 1007
-14, 128, 1009
-16, 7, 989
-16, 7, 989
-19, -92, 1005
-21, -148, 981
-24, -186, 1021
-25, -156, 1005
-25, -156, 1005
-,-,-
138, -160, 1009
138, -160, 1009
121, -211, 1015
154, -237, 1012
172, -265, 990
147, -244, 1011
121, -127, 1018
152, -192, 976
107, -235, 995
67, -95, 1038
67, -95, 1038
34, -81, 968
48, 0, 944
48, 0, 1037
25, 77, 1037
20, 139, 968
-27, 229, 998
-27, 229, 998
-62, 281, 1013
-70, 338, 1025
-39, 349, 993
-58, 397, 998
-43, 417, 1016
-43, 417, 1016
-32, 418, 1004
-47, 410, 1036
-64, 341, 1009
-53, 228, 994
-56, 165, 976
-56, 165, 976
-54, 25, 993
-26, -112, 1002
-17, -273, 1035
-2, -447, 1001
-,-,-
106, -107, 1015
158, -182, 1012
150, -247, 1010
156, -261, 1008
161, -266, 978
163, -236, 1037
155, -178, 978
142, -136, 967
130, -80, 1010
130, -80, 1010
106, 11, 985
89, -33, 923
60, -8, 1010
60, -8, 1010
60, -29, 993
23, 20, 983
-17, 40, 978
-17, 40, 978
-33, 111, 1002
-49, 201, 994
-50, 288, 977
-89, 472, 993
-89, 472, 993
-91, 490, 1036
-50, 444, 1009
-39, 435, 1000
-53, 365, 1008
-58, 240, 1003
-58, 240, 1003
-15, 198, 979
-38, 13, 1014
-29, -77, 1031
-,-,-
192, -218, 1006
192, -218, 1006
179, -262, 1005
186, -256, 996
169, -235, 1013
175, -232, 983
110, -213, 1005
96, -137, 963
43, -98, 950
43, -98, 950
28, -16, 960
43, 21, 924
2, 107, 1010
2, 107, 1010
-24, 145, 962
-10, 191, 987
-80, 308, 997
-80, 308, 997
-94, 469, 962
-7, 212, 1021
-30, 588, 997
-55, 537, 1024
-55, 537, 1024
-52, 419, 988
-66, 308, 1006
-54, 254, 1014
-41, 162, 990
-52, 114, 983
-52, 114, 983
-39, 18, 1012
-23, -106, 973
2, -250, 997
-,-,-
120, -123, 1006
216, -244, 1007
194, -277, 1026
184, -305, 1001
139, -256, 1002
164, -213, 1006
147, -204, 945
147, -204, 945
69, -163, 1003
103, -126, 870
71, -63, 982
43, 14, 917
43, 14, 917
42, 106, 986
-17, 223, 988
-60, 342, 975
-60, 342, 975
-80, 390, 994
-77, 379, 1014
-94, 405, 998
-76, 365, 1005
-56, 420, 1004
-56, 420, 1004
-77, 378, 1024
-58, 325, 965
-54, 227, 1001
-41, 105, 1000
-18, 53, 968
-18, 53, 968
-13, -51, 1024
-13, -89, 937
-10, -234, 1003
5, -336, 987
5, -336, 987
16, -372, 997
-,-,-
34, 10, 970
41, 2, 964
-5, 65, 982
-5, 65, 982
-13, 89, 984
-12, 94, 1023
0, 98, 981
0, 98, 981
17, 48, 1018
25, 34, 1005
25, 34, 1005
23, 65, 1012
42, 45, 995
35, 1, 1027
35, 1, 1027
-55, 7, 986
-40, 97, 1004
-40, 97, 1004
-64, 178, 1016
-96, 329, 1005
-61, 369, 1005
-65, 416, 1014
-60, 375, 1025
-46, 340, 981
-46, 340, 981
-25, 204, 1022
-11, 206, 1012
-30, 125, 986
-16, 5, 1037
-16, 5, 1037
3, -94, 998
9, -197, 958
32, -337, 968
32, -337, 968
-,-,-
144, -206, 985
144, -206, 985
65, -207, 1028
112, -188, 985
75, -162, 1004
81, -123, 982
81, -110, 1022
86, -105, 975
86, -105, 975
69, -13, 1007
59, -13, 980
34, 67, 978
34, 67, 978
37, 109, 1007
23, 124, 1009
21, 138, 1018
21, 138, 1018
-3, 199, 994
-34, 323, 1026
-43, 389, 982
-37, 402, 1009
-28, 409, 1019
-28, 409, 1019
-33, 414, 1006
-25, 357, 1016
-39, 259, 1012
-27, 184, 996
-61, 59, 1014
-61, 59, 1014
-43, -75, 975
-30, -237, 959
-25, -409, 1010
-,-,-
163, -213, 1016
196, -262, 989
171, -241, 1013
198, -239, 1003
141, -245, 997
126, -172, 1012
108, -200, 950
45, -50, 975
45, -50, 975
62, -82, 986
53, -23, 973
13, 19, 987
13, 19, 987
1, 106, 973
-40, 211, 1028
-52, 327, 965
-52, 327, 965
-90, 472, 1007
-93, 572, 1008
-67, 538, 1012
-63, 551, 1015
-62, 475, 1008
-62, 475, 1008
-55, 385, 1000
-45, 302, 987
-55, 205, 974
-36, 63, 1025
-22, -93, 965
-22, -93, 965
-16, -271, 997
-7, -455, 1001
-,-,-
159, -171, 983
159, -171, 983
103, -190, 1016
122, -185, 1009
145, -201, 1013
119, -195, 983
127, -147, 988
142, -173, 1034
54, -130, 962
54, -130, 962
84, -41, 963
48, -28, 999
40, 39, 958
40, 39, 958
18, 88, 981
-7, 141, 996
-49, 177, 1008
-49, 177, 1008
-74, 222, 1012
-92, 281, 966
-59, 331, 1033
-93, 411, 982
-44, 420, 1038
-44, 420, 1038
-54, 467, 965
-66, 398, 1039
-40, 297, 1009
-38, 232, 979
-51, 157, 1008
-51, 157, 1008
-43, 76, 996
-24, -53, 1017
1, -231, 960
19, -403, 987
19, -403, 987
-,-,-
186, -190, 1009
197, -224, 1004
161, -223, 1001
153, -188, 989
137, -202, 1009
102, -147, 973
121, -154, 1021
78, -145, 995
78, -145, 995
46, -47, 1017
50, -44, 982
13, 36, 933
13, 36, 933
-4, 115, 1012
-18, 155, 1001
-41, 156, 968
-68, 207, 1038
-68, 207, 1038
-69, 243, 984
-59, 266, 1014
-102, 312, 1015
-52, 353, 1007
-33, 376, 1018
-55, 393, 996
-55, 393, 996
-31, 384, 1025
-51, 301, 987
-29, 226, 1010
-41, 94, 963
-41, 94, 963
-17, -28, 989
-3, -208, 971
5, -368, 1008
0, -437, 1003
-,-,-
167, -238, 1029
145, -237, 994
113, -161, 956
99, -140, 979
41, -24, 1011
53, -4, 959
53, -4, 959
34, 56, 995
-11, 97, 964
-31, 90, 1002
-31, 90, 1002
-27, 108, 959
-43, 160, 996
-48, 179, 976
-59, 210, 1007
-59, 210, 1007
-102, 318, 1001
-84, 354, 1018
-55, 313, 1001
-27, 303, 1006
-52, 355, 999
-37, 333, 1012
-37, 333, 1012
-28, 248, 1000
-26, 245, 1012
-20, 106, 987
-28, 27, 1007
-6, -54, 979
-6, -54, 979
-6, -143, 1017
9, -276, 1018
13, -385, 1002
26, -416, 1011
26, -416, 1011
19, -354, 1017
-,-,-
118, -172, 1013
118, -172, 1013
89, -205, 1008
122, -223, 987
100, -214, 1024
95, -139, 986
138, -113, 1025
125, -151, 1013
44, -36, 966
44, -36, 966
91, -46, 1010
72, -37, 989
70, 16, 1020
70, 16, 1020
29, 62, 986
-2, 108, 985
-2, 108, 985
-6, 191, 936
-40, 251, 1001
-69, 345, 1054
-49, 440, 999
-49, 440, 999
-90, 474, 972
-96, 454, 1023
-71, 389, 1001
-63, 332, 1024
-62, 239, 992
-62, 239, 992
-50, 138, 945
-53, 5, 988
-43, -68, 1024
-25, -192, 1002
-20, -325, 987
-20, -325, 987
15, -479, 984
22, -630, 1012
-,-,-
124, -163, 1015
144, -225, 997
142, -258, 1005
160, -267, 1013
160, -267, 1013
155, -257, 1001
97, -160, 995
138, -138, 1003
59, -118, 968
57, 7, 973
57, 7, 973
45, -7, 1009
37, 54, 951
37, 54, 951
32, 119, 1012
5, 173, 981
-1, 183, 981
-1, 183, 981
-19, 211, 1016
-26, 212, 984
-55, 257, 1022
-55, 337, 1000
-64, 427, 1005
-64, 427, 1005
-56, 422, 1008
-61, 421, 1007
-78, 350, 1014
-54, 247, 995
-42, 169, 986
-42, 169, 986
-42, 19, 1001
-26, -90, 992
-4, -292, 1022
-11, -429, 1008
-25, -394, 1005
-25, -394, 1005
-,-,-
125, -170, 1009
140, -190, 1011
126, -212, 1021
144, -231, 994
144, -246, 1005
182, -287, 995
124, -280, 978
124, -280, 978
117, -137, 951
99, -201, 1029
101, -37, 962
76, -15, 994
63, 53, 991
63, 53, 991
58, 115, 953
18, 112, 991
18, 112, 991
0, 171, 980
-1, 246, 979
-70, 358, 989
-70, 358, 989
-93, 555, 973
-89, 402, 1028
-59, 454, 1028
-72, 449, 979
-50, 392, 1000
-50, 392, 1000
-65, 292, 1018
-60, 211, 996
-52, 110, 1001
-55, 9, 1020
-55, 9, 1020
-55, -90, 985
-,-,-
92, -57, 1008
155, -142, 1016
192, -176, 1006
186, -255, 1017
196, -260, 1010
184, -242, 986
171, -237, 1028
121, -160, 931
121, -160, 931
136, -156, 990
69, -147, 1001
51, -28, 977
59, -52, 981
44, -6, 994
44, -6, 994
2, 40, 1008
-24, 107, 986
-24, 107, 986
-51, 201, 967
-67, 305, 1004
-46, 408, 1027
-74, 480, 1003
-45, 489, 1002
-45, 489, 1002
-21, 454, 1022
-22, 424, 1016
-21, 342, 987
5, 250, 993
5, 250, 993
-2, 208, 1042
-38, 140, 991
-58, 61, 970
-46, -62, 1011
-46, -62, 1011
-36, -216, 947
-21, -439, 1010
-,-,-
172, -97, 1014
191, -168, 1006
178, -188, 1001
178, -188, 1001
185, -224, 1037
177, -245, 979
181, -219, 1023
116, -137, 1008
120, -113, 973
101, -153, 997
52, -128, 964
52, -128, 964
68, -114, 978
45, -50, 973
17, 20, 964
-4, 83, 977
-4, 83, 977
-19, 198, 945
-54, 343, 1029
-64, 472, 988
-64, 472, 988
-115, 556, 1011
-84, 529, 1026
-39, 473, 1018
-21, 454, 963
-23, 370, 997
-23, 370, 997
-43, 229, 1021
-64, 165, 999
-65, 39, 977
-56, -65, 934
-56, -65, 934
-40, -182, 997
-,-,-
149, -237, 1008
149, -237, 1008
122, -308, 1001
139, -267, 1023
167, -244, 979
108, -167, 977
129, -97, 1028
99, -165, 1014
66, -67, 956
66, -67, 956
88, -54, 966
70, 12, 962
60, 25, 954
60, 25, 954
36, 44, 990
13, 130, 997
13, 130, 997
0, 202, 973
-4, 249, 1008
-33, 387, 974
-33, 387, 974
-46, 478, 1018
-64, 490, 1005
-73, 452, 1019
-21, 431, 1020
-32, 342, 1033
-32, 342, 1033
-43, 224, 917
-49, 158, 964
-32, 87, 1004
-40, 41, 984
-31, -69, 1011
-31, -69, 1011
-30, -129, 990
-27, -251, 980
-25, -377, 1015
-,-,-
125, -168, 1015
180, -241, 995
169, -216, 1009
158, -213, 1005
142, -215, 1015
146, -183, 1012
111, -145, 975
111, -145, 975
101, -136, 991
88, -81, 979
73, -37, 947
43, -12, 969
43, -12, 969
39, 25, 955
-7, 17, 991
-9, 51, 989
-9, 51, 989
-17, 147, 1044
-5, 197, 980
-69, 318, 985
-69, 318, 985
-84, 441, 1006
-97, 453, 1019
-63, 434, 1016
-67, 393, 996
-50, 396, 1011
-50, 396, 1011
-56, 332, 997
-41, 212, 1010
-30, 118, 1020
-5, 45, 967
-5, 45, 967
14, -34, 1043
8, -158, 984
16, -286, 1021
0, -332, 1003
0, -332, 1003
-13, -407, 970
-13, -418, 1015
-,-,-
151, -255, 999
141, -223, 1003
128, -138, 998
128, -138, 998
132, -136, 979
29, -105, 928
45, -22, 979
34, 48, 1005
34, 48, 1005
53, 44, 977
57, 92, 1013
29, 67, 971
29, 67, 971
31, 77, 1003
-4, 155, 983
-17, 244, 1010
-17, 244, 1010
-15, 312, 1003
-54, 353, 1008
-54, 416, 995
-65, 454, 996
-71, 422, 1023
-71, 422, 1023
-81, 362, 1000
-72, 186, 1016
-51, 23, 1007
-27, -51, 983
-25, -150, 998
-25, -150, 998
-38, -181, 1014
-32, -203, 988
-,-,-
173, -165, 1007
143, -217, 1008
143, -217, 1008
172, -237, 1012
169, -242, 1006
184, -229, 1001
144, -178, 989
100, -162, 998
94, -90, 972
77, -63, 1002
77, -63, 1002
70, 15, 913
33, 116, 982
-50, 115, 968
-50, 115, 968
-59, 168, 966
-82, 302, 1008
-83, 445, 985
-83, 495, 1018
-83, 495, 1018
-42, 494, 1027
-40, 508, 999
-44, 415, 1008
-36, 278, 1006
-32, 252, 985
-54, 176, 986
-54, 176, 986
-57, 98, 1013
-28, -42, 985
-26, -194, 1007
-22, -378, 982
-22, -378, 982
-,-,-
183, -190, 1009
180, -199, 1026
186, -249, 995
177, -253, 1007
185, -262, 1009
158, -222, 1008
135, -169, 984
87, -133, 965
87, -133, 965
51, -13, 999
43, 0, 940
23, 96, 983
23, 96, 983
-9, 170, 978
-76, 204, 960
-64, 283, 1030
-64, 283, 1030
-60, 352, 989
-47, 377, 1021
-46, 357, 994
-49, 363, 1035
-52, 372, 973
-52, 372, 973
-60, 344, 1027
-58, 307, 1002
-72, 250, 992
-68, 174, 1005
-61, 72, 998
-61, 72, 998
-25, -90, 981
-16, -237, 1020
-1, -405, 1000
-,-,-
135, -177, 1004
194, -248, 1029
189, -236, 986
201, -273, 1009
201, -273, 1009
150, -235, 990
139, -174, 999
144, -187, 989
68, -49, 923
92, -35, 992
92, -35, 992
47, 39, 947
10, 60, 998
-12, 92, 977
-12, 92, 977
-45, 163, 1003
-60, 287, 982
-92, 373, 965
-94, 473, 1015
-94, 473, 1015
-127, 481, 1020
-101, 413, 995
-66, 390, 1010
-61, 330, 1018
-46, 241, 997
-65, 156, 983
-65, 156, 983
-35, 71, 1021
-10, -44, 971
16, -180, 1026
12, -290, 997
12, -290, 997
5, -326, 991
15, -341, 1023
-3, -275, 1001
-,-,-
104, -163, 1012
202, -240, 987
166, -227, 1012
178, -200, 1007
156, -192, 1019
156, -192, 1019
162, -168, 997
169, -141, 935
82, -105, 1013
75, -77, 964
31, -2, 983
31, -2, 983
35, 32, 965
39, 154, 970
-58, 174, 1005
-58, 174, 1005
-73, 264, 1003
-104, 405, 1003
-101, 483, 1019
-53, 472, 986
-53, 456, 1023
-88, 368, 1004
-88, 368, 1004
-62, 262, 1006
-53, 191, 984
-51, 110, 980
-51, 22, 1015
-40, -96, 960
-40, -96, 960
-30, -212, 1030
-12, -312, 982
-10, -340, 1000
-,-,-
136, -170, 1009
150, -194, 984
121, -178, 1017
132, -224, 1004
148, -246, 1007
114, -159, 1028
131, -121, 951
114, -73, 1012
114, -73, 1012
64, -23, 957
74, 11, 983
40, 57, 995
40, 57, 995
52, 81, 1005
50, 89, 991
3, 82, 960
3, 82, 960
-13, 95, 1021
-26, 154, 992
-26, 154, 992
-27, 253, 988
-48, 329, 991
-50, 404, 1039
-69, 417, 976
-66, 417, 1018
-66, 370, 1018
-57, 262, 1001
-43, 201, 1021
-29, 110, 1009
-36, 51, 1008
-52, -11, 999
-52, -11, 999
-57, -82, 968
-45, -136, 1012
-,-,-
181, -176, 1003
187, -202, 994
154, -237, 1028
162, -244, 998
148, -195, 1006
142, -149, 971
86, -100, 1014
83, -66, 937
83, -66, 937
42, -28, 1001
22, 0, 1007
19, 75, 933
19, 75, 933
-26, 87, 990
-22, 146, 983
-22, 146, 983
-43, 199, 959
-56, 310, 1008
-54, 408, 1021
-57, 493, 1016
-85, 494, 1001
-85, 494, 1001
-78, 432, 1030
-58, 309, 1006
-24, 250, 996
-33, 144, 1006
-38, 55, 998
-38, 55, 998
-51, -46, 1008
-,-,-
148, -178, 1018
217, -245, 1004
140, -179, 1009
168, -164, 1016
166, -195, 987
143, -193, 1015
143, -193, 1015
116, -140, 1014
110, -131, 979
57, -88, 957
58, -22, 980
18, -14, 1018
18, -14, 1018
2, 28, 947
1, 102, 994
-22, 202, 982
-22, 202, 982
-82, 309, 1012
-117, 402, 995
-106, 455, 1024
-70, 415, 1003
-66, 405, 1021
-66, 405, 1021
-66, 366, 995
-65, 265, 1021
-43, 184, 998
-22, 129, 981
-26, 20, 1041
-26, 20, 1041
-28, -49, 962
-24, -123, 998
3, -141, 1015
13, -239, 1002
13, -239, 1002
4, -309, 991
-,-,-
150, -187, 1014
150, -187, 1014
99, -185, 1009
97, -148, 1008
100, -134, 1007
107, -127, 1001
79, -100, 1025
81, -59, 939
52, -58, 998
52, -58, 998
40, -13, 1017
49, 14, 1002
5, 55, 956
5, 55, 956
6, 58, 996
6, 58, 996
8, 15, 981
-1, 59, 1001
-31, 98, 994
-31, 98, 994
-45, 175, 999
-82, 317, 1029
-101, 411, 1017
-34, 408, 1002
-34, 408, 1002
-40, 426, 1001
-20, 380, 1023
-32, 292, 1010
-2, 230, 984
-14, 111, 1016
-14, 111, 1016
-13, 97, 1011
-21, -14, 992
-28, -115, 1015
-,-,-
145, -201, 1015
134, -207, 988
107, -177, 1003
115, -162, 998
103, -156, 1002
37, -84, 995
68, -55, 985
68, -55, 985
39, -7, 1006
27, 16, 956
27, 16, 956
30, 62, 988
1, 76, 1006
8, 129, 987
8, 129, 987
-4, 139, 987
-14, 165, 996
-40, 217, 1017
-40, 217, 1017
-16, 245, 1008
-28, 308, 1016
-21, 330, 987
-18, 322, 1020
-53, 291, 1016
-53, 291, 1016
-60, 296, 1007
-49, 280, 1003
-39, 206, 983
-32, 110, 1037
-30, -4, 983
-30, -4, 983
-24, -147, 988
-13, -283, 1026
-5, -389, 1018
-,-,-
86, -86, 992
165, -160, 1013
138, -193, 1010
105, -203, 1018
105, -203, 1018
111, -173, 1002
120, -168, 985
107, -158, 1024
67, -157, 1006
77, -110, 980
62, -103, 957
49, -29, 1012
49, -29, 1012
62, 19, 954
4, 67, 1023
7, 106, 991
7, 106, 991
-21, 234, 996
-52, 328, 992
-45, 415, 1021
-45, 415, 1021
-43, 393, 1017
-14, 374, 994
-14, 394, 1017
-31, 381, 1000
-20, 239, 998
-20, 239, 998
-11, 160, 1001
-3, 89, 989
-8, 12, 1033
-8, 12, 1033
-45, -41, 897
-35, -106, 1028
-46, -195, 1008
-,-,-
188, -192, 1016
188, -192, 1016
160, -224, 1013
138, -228, 1003
150, -200, 1003
147, -194, 987
137, -175, 1011
98, -94, 977
69, -97, 993
69, -97, 993
51, -9, 1000
57, 12, 981
57, 12, 981
45, 96, 1002
0, 102, 968
-40, 81, 972
-40, 81, 972
-38, 135, 1006
-29, 190, 982
-82, 334, 989
-84, 386, 990
-84, 386, 990
-73, 389, 1009
-54, 364, 1004
-51, 388, 1017
-45, 320, 1001
-29, 295, 1009
-29, 295, 1009
-27, 214, 1010
-22, 78, 958
-25, 28, 1026
-27, -91, 969
-10, -165, 1024
-10, -165, 1024
-9, -258, 981
-12, -332, 994
-,-,-
137, -151, 1022
156, -179, 1006
146, -209, 1014
118, -155, 1006
109, -154, 993
94, -149, 1012
70, -156, 992
70, -156, 992
62, -79, 1013
59, -90, 943
40, -9, 946
40, -9, 946
21, 45, 1002
11, 73, 995
-17, 121, 1001
-17, 121, 1001
-35, 185, 1004
-60, 254, 979
-49, 314, 998
-46, 344, 1006
-67, 372, 1047
-67, 372, 1047
-44, 344, 989
-70, 316, 1005
-76, 273, 1019
-42, 223, 1002
-36, 144, 1019
-30, 56, 1019
-30, 56, 1019
-40, 0, 967
-13, -82, 1000
-14, -106, 1016
-19, -170, 1007
-19, -170, 1007
-21, -198, 983
-7, -254, 1002
-,-,-
100, -150, 1019
180, -228, 987
114, -162, 1006
112, -160, 1032
140, -200, 1000
129, -169, 1004
129, -169, 1013
74, -107, 1013
80, -61, 986
73, -55, 991
54, -28, 1009
39, -4, 1005
39, -4, 1005
2, 38, 966
2, 50, 987
2, 50, 987
-18, 119, 986
-43, 190, 1001
-49, 266, 1020
-49, 266, 1020
-63, 336, 987
-82, 420, 1020
-24, 399, 1013
-47, 372, 1001
-43, 303, 1019
-24, 241, 1004
-24, 241, 1004
-24, 161, 982
-6, 116, 1001
-25, 64, 1025
-,-,-
147, -156, 1023
143, -167, 998
149, -187, 1022
149, -187, 1022
122, -181, 1009
100, -182, 996
130, -169, 1014
104, -186, 986
83, -134, 961
88, -88, 1020
74, -112, 982
74, -112, 982
49, -15, 972
36, 17, 1012
16, 42, 950
16, 42, 950
5, 97, 1019
-19, 182, 993
-44, 232, 1029
-44, 232, 1029
-39, 253, 961
-44, 375, 1011
-30, 380, 1017
-29, 371, 1014
-42, 393, 998
-42, 393, 998
-66, 318, 1019
-38, 206, 1015
-32, 196, 985
-30, 83, 952
-30, 83, 952
-26, 8, 1022
-36, -88, 970
-30, -163, 1017
-26, -234, 970
-15, -271, 1020
-,-,-
134, -116, 1019
215, -179, 1004
193, -186, 1016
173, -240, 1025
121, -240, 994
142, -254, 1021
137, -229, 984
137, -229, 984
119, -201, 998
92, -123, 994
106, -119, 999
67, -55, 949
55, -1, 990
55, -1, 990
11, 114, 1018
-8, 162, 957
-35, 236, 1018
-35, 236, 1018
-42, 321, 950
-133, 348, 1035
-119, 392, 1003
-51, 347, 980
-37, 330, 1005
-37, 330, 1005
-36, 340, 1042
-31, 329, 993
-51, 308, 1029
-34, 254, 977
-24, 159, 1024
1, 82, 984
1, 82, 984
-7, -36, 990
0, -173, 1022
0, -173, 1022
3, -296, 986
1, -357, 997
0, -310, 1006
-,-,-
177, -188, 998
183, -195, 1039
143, -182, 1016
140, -139, 1006
90, -150, 985
79, -131, 965
30, -110, 1029
30, -110, 1029
62, -97, 972
25, -58, 963
5, 4, 978
5, 4, 978
8, 74, 995
-22, 75, 997
-22, 75, 997
-8, 135, 972
-32, 153, 1023
-51, 159, 1009
-53, 212, 1000
-53, 212, 1000
-47, 257, 1020
-33, 304, 998
-12, 312, 1026
-5, 294, 1002
2, 322, 996
2, 322, 996
-20, 294, 1020
-32, 248, 1007
-39, 226, 968
-41, 140, 1006
-41, 140, 1006
-22, 57, 996
-33, -107, 1007
-11, -281, 996
-,-,-
113, -178, 1017
171, -226, 1027
131, -197, 987
119, -170, 990
119, -170, 990
102, -150, 972
79, -132, 988
74, -89, 967
74, -90, 1008
74, -90, 1008
70, -32, 1001
47, -6, 1000
16, 53, 993
-8, 99, 1030
-8, 99, 1030
-5, 157, 978
-46, 239, 1026
-30, 282, 973
-30, 282, 973
-77, 335, 1031
-54, 376, 1011
-26, 365, 998
-13, 390, 1005
-38, 364, 1035
-38, 364, 1035
-42, 295, 988
-32, 247, 1004
-48, 130, 1042
-34, 46, 977
-30, -63, 1038
-30, -63, 1038
-38, -186, 966
-37, -261, 985
-20, -357, 1016
-9, -399, 1038
-,-,-
135, -156, 1015
175, -232, 991
149, -236, 1019
118, -209, 1014
118, -209, 1014
124, -188, 1007
135, -204, 982
100, -161, 995
114, -78, 980
86, -40, 975
49, 14, 990
49, 14, 990
49, 96, 975
14, 86, 997
14, 86, 997
21, 115, 945
-5, 174, 1024
-24, 242, 974
-24, 242, 974
-56, 283, 1009
-95, 421, 980
-82, 439, 1039
-63, 415, 1004
-67, 417, 992
-67, 417, 992
-42, 334, 1011
-44, 284, 990
-29, 163, 1006
-35, 54, 987
-35, 54, 987
-41, -56, 1006
-21, -194, 1008
-15, -260, 989
-34, -322, 1023
-,-,-
72, -107, 1018
155, -209, 996
122, -217, 1000
132, -235, 1026
123, -236, 988
113, -169, 1002
113, -169, 1002
125, -173, 1000
137, -171, 976
87, -113, 998
93, -98, 982
85, -48, 1016
85, -48, 1016
63, -9, 987
69, 75, 944
2, 104, 989
2, 104, 989
-8, 173, 1027
-33, 299, 974
-35, 377, 1001
-35, 377, 1001
-45, 486, 1021
-29, 476, 999
-16, 447, 1018
-19, 450, 1013
-30, 375, 982
-34, 276, 1011
-34, 276, 1011
-36, 174, 1032
-22, 84, 953
-44, -61, 984
-39, -181, 989
-39, -181, 989
-37, -334, 1004
-41, -491, 1004
-,-,-
169, -179, 994
154, -202, 1002
107, -193, 1021
107, -193, 1021
129, -190, 1009
121, -213, 992
142, -199, 1037
92, -157, 956
93, -102, 992
60, -85, 994
60, -85, 994
31, -45, 999
45, 33, 971
9, 64, 979
9, 64, 979
-7, 135, 1010
-14, 193, 1034
-10, 155, 969
-10, 155, 969
-60, 250, 993
-48, 293, 954
-43, 149, 984
-37, 443, 1000
-37, 443, 1000
-22, 417, 1021
-40, 380, 994
-60, 303, 992
-28, 136, 982
-28, 136, 982
-31, 94, 1030
-7, 2, 1002
-43, -12, 994
-50, -42, 961
-50, -42, 961
-37, -60, 1019
-17, -13, 989
-26, -23, 974
-10, -120, 1038
-,-,-
142, -188, 1016
147, -219, 991
133, -216, 1023
146, -194, 992
128, -204, 1008
121, -209, 968
85, -136, 989
85, -136, 989
87, -111, 1003
75, -31, 968
63, 41, 969
21, 93, 1016
21, 93, 1016
-8, 125, 1013
-16, 147, 1017
-51, 206, 998
-51, 206, 998
-46, 249, 996
-73, 268, 1026
-69, 317, 1024
-45, 337, 984
-43, 321, 1016
-43, 321, 1016
-52, 345, 997
-62, 321, 1023
-54, 240, 1015
-24, 135, 993
-27, 71, 986
-27, 71, 986
-29, 4, 1019
-27, -68, 986
-37, -151, 1023
-17, -272, 1009
-17, -272, 1009
-17, -364, 1000
-,-,-
141, -212, 993
119, -187, 1012
119, -187, 1012
105, -145, 1003
121, -164, 1019
75, -116, 945
87, -28, 1009
80, -68, 960
65, -9, 995
65, -9, 995
48, 5, 1016
20, 53, 999
20, 53, 999
5, 108, 963
-5, 187, 1001
-30, 289, 1005
-30, 289, 1005
-37, 388, 979
-67, 426, 1004
-52, 427, 1020
-43, 387, 1017
-44, 346, 1011
-44, 346, 1011
-38, 278, 1006
-41, 155, 1002
-41, 86, 1002
-62, -5, 980
-36, -132, 974
-36, -132, 974
-54, -209, 1036
-42, -311, 967
-36, -385, 1040
-45, -326, 998
-,-,-
54, -78, 1021
108, -153, 1006
98, -165, 1009
91, -151, 1023
94, -114, 999
101, -130, 1002
121, -115, 1028
109, -110, 980
109, -110, 980
107, -63, 944
86, -56, 983
53, -8, 933
53, -8, 933
42, 13, 953
16, 36, 998
2, 31, 1016
2, 31, 1016
0, 67, 989
-43, 165, 988
-43, 165, 988
-48, 226, 1028
-47, 312, 1020
-63, 367, 1013
-58, 396, 993
-62, 403, 1011
-62, 403, 1011
-68, 399, 1002
-51, 335, 996
-31, 205, 1034
-21, 113, 1013
-14, -13, 973
-14, -13, 973
-15, -164, 1008
-,-,-
136, -174, 1014
129, -219, 1008
117, -223, 1007
117, -223, 1007
98, -160, 1016
133, -185, 994
71, -119, 1010
81, -56, 1018
69, -53, 959
69, -53, 959
45, 39, 998
31, 105, 967
8, 162, 1016
8, 162, 1016
19, 224, 1004
10, 317, 1003
-23, 378, 991
-10, 417, 1022
-10, 417, 1022
0, 421, 1004
-30, 444, 1009
-46, 373, 1008
-25, 320, 981
-46, 224, 985
-46, 224, 985
-43, 77, 1034
-60, -23, 987
-56, -144, 1000
-53, -251, 990
-53, -251, 990
-,-,-
162, -186, 1020
145, -208, 994
136, -220, 1018
129, -229, 1019
114, -186, 976
116, -150, 1029
96, -159, 996
53, -94, 994
53, -94, 994
72, -81, 1016
54, -53, 935
34, 1, 1027
34, 1, 1027
18, 35, 998
6, 100, 1000
6, 100, 1000
-26, 187, 992
-37, 256, 1013
-29, 336, 994
-78, 408, 1004
-46, 408, 1026
-46, 408, 1026
-6, 390, 997
-43, 408, 1007
-40, 378, 1024
-38, 274, 1000
-37, 158, 1004
-37, 158, 1004
-36, 86, 980
-43, -34, 1003
-25, -166, 1025
-27, -274, 1002
-21, -353, 1013
-35, -382, 1021
-,-,-
88, -164, 992
127, -166, 1027
114, -133, 997
81, -167, 1014
81, -167, 1014
65, -128, 995
75, -94, 935
63, -42, 968
64, 34, 994
64, 34, 994
61, 89, 1008
36, 159, 1013
20, 162, 1000
20, 162, 1000
15, 164, 1006
11, 235, 1005
5, 279, 1021
5, 350, 1012
5, 350, 1012
0, 398, 993
-22, 417, 1015
-27, 368, 1023
-27, 368, 1023
-40, 317, 985
-42, 226, 1005
-61, 151, 999
-57, 24, 982
-57, 24, 982
-46, -104, 1039
-44, -265, 988
-50, -407, 1000
-51, -454, 1000
-,-,-
120, -161, 1005
116, -210, 1007
107, -184, 1027
107, -184, 1027
88, -205, 1008
70, -176, 1016
86, -164, 998
107, -193, 980
113, -134, 960
95, -71, 992
95, -71, 992
100, -70, 996
79, -19, 1026
65, 9, 963
65, 9, 963
63, 88, 1001
32, 167, 965
32, 167, 965
2, 205, 1010
9, 247, 1012
-12, 312, 1021
-25, 342, 996
-25, 342, 996
-48, 383, 1029
-46, 407, 1001
-43, 401, 1014
-67, 383, 1016
-65, 346, 986
-65, 346, 986
-88, 217, 990
-74, 114, 1023
-69, -7, 939
-48, -97, 976
-48, -97, 976
-,-,-
103, -135, 1027
166, -184, 982
127, -156, 1023
120, -187, 1003
105, -188, 1025
101, -216, 985
101, -216, 985
95, -183, 984
83, -130, 998
94, -128, 954
77, -62, 1004
59, -32, 979
59, -32, 979
42, 56, 1018
16, 110, 922
-33, 145, 1025
-33, 145, 1025
-43, 250, 986
-44, 350, 999
-75, 409, 1007
-77, 457, 1029
-41, 472, 989
-41, 472, 989
-63, 417, 1013
-65, 350, 1022
-56, 222, 987
-66, 168, 994
-66, 168, 994
-53, 75, 1034
-62, -35, 1009
-37, -170, 979
-,-,-
87, -22, 1003
87, -22, 1003
76, -95, 1005
111, -153, 1025
91, -180, 1009
105, -187, 1012
95, -189, 1011
95, -189, 1011
116, -164, 985
126, -168, 1004
78, -111, 1013
81, -49, 995
76, -68, 996
76, -68, 996
55, -9, 967
39, 8, 987
39, 8, 987
23, 86, 984
-4, 108, 1001
-7, 154, 987
-7, 154, 987
-56, 260, 1003
-75, 356, 995
-92, 417, 1027
-49, 413, 1016
-49, 413, 1016
-56, 452, 1016
-34, 332, 1001
-15, 262, 1001
-15, 215, 1008
-16, 123, 993
-28, 53, 1007
-28, 53, 1007
-27, -58, 1011
-18, -182, 1009
-18, -280, 994
-,-,-
46, -169, 1005
118, -217, 1007
96, -207, 1020
89, -204, 979
89, -204, 979
82, -167, 1029
113, -171, 1010
98, -159, 1000
63, -81, 961
89, -94, 973
89, -94, 973
74, -3, 969
52, 35, 968
52, 35, 968
53, 113, 1012
29, 166, 992
0, 194, 1009
0, 194, 1009
-1, 297, 1014
-19, 381, 992
-41, 436, 1011
-58, 448, 988
-58, 448, 988
-60, 452, 1034
-47, 406, 990
-53, 333, 989
-24, 238, 996
-13, 149, 1016
-13, 149, 1016
-26, 33, 999
-21, -124, 977
-14, -265, 970
-30, -426, 1022
-,-,-
104, -134, 1009
144, -190, 1013
125, -220, 1000
140, -268, 1016
103, -233, 979
103, -233, 979
96, -95, 1017
111, -96, 945
84, -86, 984
62, -29, 989
62, -29, 989
59, -64, 1000
51, -4, 997
38, 47, 972
38, 47, 972
26, 120, 998
-18, 206, 999
-49, 305, 1028
-49, 305, 1028
-46, 390, 984
-51, 429, 1002
-43, 424, 1019
-55, 427, 1010
-56, 384, 1002
-48, 262, 1021
-48, 262, 1021
-44, 153, 979
-24, 60, 1043
-57, -29, 968
-57, -142, 989
-35, -254, 1005
-35, -254, 1005
-35, -330, 1019
-9, -399, 1015
-19, -390, 1007
-,-,-
67, -89, 1000
117, -144, 1013
97, -152, 1002
97, -152, 1002
117, -181, 1018
106, -185, 1017
90, -180, 1012
122, -202, 988
118, -180, 1016
73, -150, 980
80, -87, 1002
80, -87, 1002
60, -34, 975
42, 22, 986
31, 84, 1004
31, 84, 1004
-26, 134, 987
-8, 203, 1011
-14, 297, 1008
-19, 369, 993
-19, 369, 993
-28, 414, 1007
-1, 356, 1017
-28, 348, 1009
-44, 299, 1010
-48, 278, 1008
-48, 278, 1008
-53, 220, 1006
-61, 142, 1022
-44, 61, 960
-39, -13, 1010
-28, -121, 944
-28, -121, 944
-37, -178, 1027
-29, -245, 930
-20, -300, 1043
-8, -358, 1008
-,-,-
96, -171, 1008
193, -200, 972
136, -164, 989
95, -146, 1035
95, -146, 1035
78, -86, 993
82, -83, 1015
59, -60, 934
35, -30, 989
35, -30, 989
33, 36, 982
-15, 122, 988
-18, 152, 1006
-18, 152, 1006
-33, 239, 983
-74, 338, 995
-54, 396, 1011
-89, 393, 1028
-25, 392, 1004
-25, 392, 1004
-9, 408, 984
0, 346, 1030
34, 255, 976
12, 155, 1028
12, 155, 1028
22, 100, 984
5, 15, 965
-21, -88, 997
-21, -88, 997
-29, -171, 991
-32, -276, 1023
-50, -341, 1011
-,-,-
106, -119, 1001
88, -169, 1015
113, -191, 1000
113, -191, 1000
115, -181, 1017
102, -181, 1007
105, -163, 1017
95, -118, 985
89, -104, 1004
67, -51, 1016
57, -34, 945
57, -34, 945
20, -4, 1017
26, 5, 987
26, 5, 987
33, 74, 993
-20, 94, 1012
-23, 142, 988
-23, 142, 988
-37, 236, 1003
-49, 319, 1031
-59, 362, 994
-43, 333, 1019
-43, 333, 1019
-36, 315, 999
-14, 296, 1018
-8, 238, 1013
-20, 210, 1003
-25, 169, 997
-25, 169, 997
-7, 125, 988
-22, 50, 961
-18, -68, 999
-33, -182, 1020
-33, -182, 1020
-22, -310, 1019
-,-,-
93, -88, 1016
89, -121, 1015
90, -167, 1015
105, -161, 1001
94, -180, 1003
96, -148, 1010
111, -144, 1019
111, -144, 1001
94, -125, 1001
84, -130, 1014
60, -98, 998
55, -101, 973
25, -47, 1017
25, -47, 1017
23, 0, 955
19, 55, 1016
-9, 76, 1010
-9, 76, 1010
6, 123, 1001
6, 165, 966
-3, 262, 1019
-3, 262, 1019
-6, 357, 1037
0, 386, 1000
13, 428, 998
13, 428, 998
-15, 442, 999
-16, 395, 998
-32, 273, 992
-41, 215, 1018
-43, 99, 1009
-43, 99, 1009
-61, 0, 982
-62, -129, 998
-63, -229, 1013
-55, -337, 995
-,-,-
161, -135, 995
161, -135, 995
128, -183, 1030
124, -213, 1005
128, -207, 1023
120, -207, 989
120, -147, 959
107, -102, 1025
99, -93, 978
99, -93, 978
75, -53, 969
62, -38, 975
29, 23, 995
29, 23, 995
38, 35, 1007
13, 69, 983
13, 69, 983
-8, 90, 1015
-27, 128, 992
-57, 196, 1007
-86, 311, 1010
-86, 311, 1010
-77, 399, 1004
-71, 417, 1011
-63, 445, 1010
-68, 408, 1001
-60, 270, 1019
-60, 270, 1019
-43, 206, 1013
-34, 124, 998
-43, 64, 1021
-42, -12, 976
-23, -150, 1028
-,-,-
127, -199, 996
106, -204, 1002
106, -215, 1021
106, -215, 1021
95, -196, 998
81, -170, 1018
111, -142, 1006
117, -140, 981
77, -72, 1008
88, -59, 998
88, -59, 998
64, -17, 999
60, 29, 952
44, 58, 1005
44, 58, 1005
28, 98, 955
14, 134, 1010
14, 134, 976
-10, 180, 976
-35, 260, 998
-44, 353, 1023
-34, 386, 1013
-1, 412, 1011
-1, 412, 1011
-26, 471, 997
-38, 396, 1006
-49, 296, 1007
-78, 233, 1007
-76, 119, 1005
-76, 119, 1005
-70, 19, 955
-43, -120, 963
-20, -265, 1015
-,-,-
87, -138, 997
167, -250, 1020
115, -225, 1012
111, -223, 978
110, -239, 1035
110, -239, 1035
104, -210, 985
102, -151, 1001
100, -208, 1017
53, -95, 959
83, -73, 938
62, -12, 991
62, -12, 991
52, 69, 973
31, 177, 952
31, 177, 952
11, 310, 995
-7, 399, 996
-13, 433, 1025
-21, 429, 1010
-21, 429, 1010
-24, 412, 1009
-32, 417, 988
-59, 337, 1006
-63, 270, 995
-61, 166, 1034
-61, 166, 1034
-61, 95, 977
-74, 15, 1021
-61, -67, 978
-55, -146, 994
